0.07323575019836426
0.0033533573150634766
0.027036190032958984
0.010114908218383789
0.10653448104858398
0.012415409088134766
0.024692296981811523
0.04417538642883301
0.04060077667236328
0.03955888748168945
0.005716800689697266
0.03389859199523926
0.0033195018768310547
0.02127385139465332
0.12009716033935547
7.152557373046875e-07
0.03466010093688965
0.018251657485961914
0.05683493614196777
0.0469975471496582
0.047911643981933594
0.04199957847595215
0.012030363082885742
0.02375197410583496
0.0647580623626709
0.013772249221801758
0.03404593467712402
0.003414154052734375
0.0051577091217041016
0.027153968811035156
0.011301994323730469
7.152557373046875e-07
0.01845097541809082
0.03261280059814453
0.004213809967041016
0.034729957580566406
0.014300823211669922
0.021003007888793945
0.027465343475341797
0.00552821159362793
0.05592703819274902
1.1920928955078125e-06
0.12342453002929688
0.03023672103881836
0.033812761306762695
0.040662288665771484
0.045946359634399414
0.03578495979309082
0.005449056625366211
0.06516194343566895
0.00804901123046875
0.013435840606689453
0.006242275238037109
0.018918514251708984
0.04453325271606445
0.038431406021118164
0.005876064300537109
0.011448144912719727
0.022118330001831055
0.03469133377075195
0.017607450485229492
1.6689300537109375e-06
0.02196812629699707
0.03594398498535156
0.0059223175048828125
0.02595043182373047
0.061235904693603516
0.09182214736938477
0.009039878845214844
0.04080963134765625
0.0247499942779541
0.009897232055664062
0.016406536102294922
0.04855990409851074
0.007559776306152344
0.03931403160095215
0.027873754501342773
0.018325328826904297
0.020408153533935547
0.033016204833984375
4.0531158447265625e-06
0.01700758934020996
0.04008817672729492
0.04933977127075195
0.052202463150024414
0.03797197341918945
0.02497696876525879
0.03539156913757324
0.006200075149536133
0.03740572929382324
0.029046058654785156
0.0038330554962158203
0.003920793533325195
0.014030933380126953
0.03350210189819336
0.0054492950439453125
0.04881691932678223
0.012079715728759766
0.03960919380187988
0.04501938819885254
0.033675193786621094
0.022582530975341797
1.9073486328125e-06
0.014642715454101562
0.016370534896850586
0.009439706802368164
0.05747103691101074
0.055243492126464844
0.008077383041381836
0.02005910873413086
0.005866050720214844
0.04027199745178223
0.020934343338012695
0.004067182540893555
0.03892827033996582
0.03706812858581543
0.03880190849304199
0.04953193664550781
0.054798126220703125
0.022943496704101562
0.03778076171875
0.055207252502441406
0.005924224853515625
0.04998946189880371
0.05004549026489258
0.02156376838684082
0.04721832275390625
0.0056879520416259766
0.05804634094238281
0.013364076614379883
0.008989334106445312
0.027106523513793945
0.03715014457702637
0.021941423416137695
0.03909039497375488
0.010373353958129883
4.76837158203125e-07
0.02770853042602539
0.03753399848937988
0.04239177703857422
0.08533978462219238
0.050647735595703125
0.10490751266479492
0.0168154239654541
0.02657175064086914
0.007689952850341797
0.06963706016540527
0.037023305892944336
0.026813983917236328
0.01552891731262207
0.01951742172241211
0.009057760238647461
0.03631234169006348
0.0046160221099853516
0.04942607879638672
0.032253265380859375
0.03972315788269043
0.02147650718688965
9.5367431640625e-07
0.020378589630126953
0.02960038185119629
0.009366273880004883
0.01774883270263672
0.006865024566650391
0.07592320442199707
0.025246381759643555
0.05487823486328125
0.0475461483001709
0.03128194808959961
0.0462796688079834
0.012059211730957031
0.028514623641967773
0.0439448356628418
0.0143280029296875
0.01347804069519043
0.025188684463500977
0.00844264030456543
7.152557373046875e-07
0.048407793045043945
0.03848433494567871
0.09651637077331543
0.020721435546875
0.04325079917907715
0.005269765853881836
0.007567167282104492
0.02956247329711914
0.038100481033325195
0.06268644332885742
0.030164003372192383
0.05679965019226074
4.76837158203125e-07
0.042453765869140625
0.022434711456298828
0.03957176208496094
0.01193690299987793
0.034542083740234375
0.006222724914550781
0.006363391876220703
0.04675698280334473
0.04009723663330078
0.052504539489746094
0.10778594017028809
0.01642322540283203
0.05818915367126465
0.007502317428588867
0.006321907043457031
0.016713619232177734
0.040938377380371094
0.05320930480957031
0.04324841499328613
0.04085731506347656
0.047528743743896484
0.017979860305786133
0.007822751998901367
0.026035547256469727
0.02024698257446289
0.03148293495178223
0.03791046142578125
0.013793230056762695
7.152557373046875e-07
0.07313227653503418
0.06126570701599121
2.384185791015625e-06
0.11854076385498047
0.10301780700683594
0.022705554962158203
0.00818181037902832
0.0286865234375
0.026494264602661133
0.005048274993896484
0.05897355079650879
0.0077435970306396484
0.013907194137573242
0.015099525451660156
0.007074832916259766
0.03649735450744629
0.03533458709716797
0.01040029525756836
0.023000240325927734
0.025972843170166016
0.19088077545166016
0.06618356704711914
0.07726478576660156
0.04970669746398926
0.026343822479248047
0.01357722282409668
0.04079127311706543
0.012861967086791992
0.04849362373352051
0.022881031036376953
0.029221057891845703
0.03198432922363281
0.01305842399597168
0.005610466003417969
0.009362220764160156
0.029893159866333008
0.028647661209106445
0.0057239532470703125
9.5367431640625e-07
0.020282983779907227
0.04662203788757324
0.06813979148864746
0.01446676254272461
0.0067136287689208984
0.04323172569274902
0.04694652557373047
0.007368803024291992
9.5367431640625e-07
0.03213858604431152
0.031569719314575195
0.041387081146240234
0.02229928970336914
0.00489354133605957
0.015552520751953125
0.02476215362548828
0.01960468292236328
0.01057887077331543
0.0338749885559082
0.008974552154541016
0.03866839408874512
0.007665872573852539
6.4373016357421875e-06
0.07610297203063965
0.028919458389282227
0.08230161666870117
0.03202533721923828
0.03859829902648926
0.0652925968170166
0.00618433952331543
0.012337207794189453
0.053658246994018555
0.04013204574584961
0.02314615249633789
0.040816545486450195
0.04558277130126953
0.02190232276916504
0.0281982421875
0.02083444595336914
0.008094549179077148
0.03823351860046387
0.01857590675354004
2.384185791015625e-06
0.023196935653686523
0.0417790412902832
0.046649932861328125
0.04687309265136719
0.00484776496887207
0.010670185089111328
0.04667377471923828
0.006079435348510742
0.004259586334228516
0.03931832313537598
0.027860164642333984
0.014640569686889648
0.0423579216003418
0.03555941581726074
0.025449514389038086
0.04418659210205078
0.035306453704833984
0.011396169662475586
0.02640366554260254
0.004949808120727539
0.006125926971435547
0.03709697723388672
0.016653060913085938
2.1457672119140625e-06
0.04640054702758789
0.05500030517578125
0.06267070770263672
0.0444636344909668
0.027082443237304688
0.028470277786254883
0.022835493087768555
0.007174491882324219
0.013710975646972656
0.021604537963867188
0.0058329105377197266
0.012811660766601562
0.02874922752380371
0.03873085975646973
0.008596658706665039
0.027840137481689453
0.05055093765258789
0.0037131309509277344
0.030597448348999023
0.012242555618286133
0.015141725540161133
2.384185791015625e-06
0.04482603073120117
0.007634639739990234
0.029474735260009766
0.05200695991516113
0.012236356735229492
0.04381227493286133
0.0053653717041015625
0.024206876754760742
0.03386521339416504
0.01575160026550293
0.0406036376953125
0.03777956962585449
0.0622708797454834
0.06785154342651367
0.0280153751373291
0.006780862808227539
0.006778240203857422
0.016927242279052734
0.008168697357177734
0.04251813888549805
0.049779415130615234
0.03981614112854004
0.027809619903564453
0.008279800415039062
0.04507303237915039
0.02926921844482422
0.013779163360595703
0.03501009941101074
0.021229982376098633
0.010682106018066406
4.76837158203125e-07
0.03779911994934082
0.0058650970458984375
0.0715336799621582
0.006680727005004883
2.384185791015625e-06
0.035653114318847656
0.014833450317382812
0.061603546142578125
0.016205549240112305
0.032805442810058594
0.006762266159057617
0.038434505462646484
0.03979086875915527
0.005937337875366211
0.028432130813598633
0.021130800247192383
0.014734745025634766
0.04116988182067871
0.03635144233703613
0.03770303726196289
0.011543035507202148
0.05608010292053223
0.0361025333404541
0.06419610977172852
0.0067555904388427734
0.11305999755859375
0.03650689125061035
0.03805851936340332
0.0550692081451416
0.017297029495239258
0.005487203598022461
0.026868104934692383
0.022402524948120117
0.03284716606140137
0.025805234909057617
0.03966832160949707
0.01116037368774414
0.04029726982116699
0.006274700164794922
9.5367431640625e-07
0.01964569091796875
0.014335393905639648
0.0363764762878418
0.025983095169067383
0.0175628662109375
0.021393537521362305
0.018021821975708008
0.04894256591796875
0.0053174495697021484
0.055594444274902344
0.05099225044250488
9.5367431640625e-07
0.038825035095214844
0.022766828536987305
0.0034551620483398438
0.03748726844787598
0.009046077728271484
0.02734065055847168
0.024815082550048828
0.021176576614379883
0.04060697555541992
0.04349184036254883
0.0288238525390625
0.07127594947814941
0.037770748138427734
0.005766391754150391
0.06719565391540527
0.020409345626831055
0.006769895553588867
0.03910946846008301
0.05382871627807617
0.013441085815429688
9.5367431640625e-07
0.0060176849365234375
0.0057833194732666016
0.03913998603820801
0.014934778213500977
0.015352964401245117
0.04363822937011719
0.037662506103515625
0.0269622802734375
0.04980874061584473
0.11318063735961914
0.004353761672973633
0.017094850540161133
0.006655454635620117
0.047441959381103516
0.006764888763427734
0.01882195472717285
0.02964329719543457
0.05851149559020996
0.016866683959960938
7.152557373046875e-07
0.038939714431762695
0.014508247375488281
0.02667832374572754
0.042524099349975586
0.02817559242248535
0.02604365348815918
0.04438495635986328
0.02068638801574707
0.0050928592681884766
0.022407054901123047
0.028804302215576172
0.037992000579833984
1.1920928955078125e-06
0.11896800994873047
0.03122735023498535
0.0209200382232666
0.038023948669433594
0.031169891357421875
0.008923053741455078
0.05595064163208008
0.016236543655395508
0.02633357048034668
0.041927337646484375
0.041584014892578125
0.03923606872558594
0.010512590408325195
0.020780563354492188
0.005060434341430664
0.0055544376373291016
0.033046722412109375
0.02077007293701172
0.003299713134765625
0.00643610954284668
0.06382513046264648
0.038060903549194336
0.0361170768737793
0.007917642593383789
0.058167219161987305
0.015133380889892578
1.1920928955078125e-06
0.03226184844970703
0.04638195037841797
0.02429366111755371
0.015050172805786133
0.025906801223754883
0.04133486747741699
0.015128850936889648
0.03814554214477539
0.03483915328979492
0.10887575149536133
0.08217239379882812
0.03179454803466797
0.0077936649322509766
0.03254079818725586
0.01450657844543457
0.04622220993041992
0.007481098175048828
0.057012319564819336
0.012685060501098633
0.008258581161499023
0.011490345001220703
0.029019832611083984
0.011014461517333984
0.038352012634277344
0.05040240287780762
0.03611159324645996
7.152557373046875e-07
0.036409616470336914
3.814697265625e-06
0.031182527542114258
0.016034364700317383
0.011560440063476562
0.12471365928649902
0.051517486572265625
0.007892608642578125
0.04426765441894531
0.05075645446777344
0.00940084457397461
0.044526100158691406
0.0054073333740234375
0.044317007064819336
0.03919696807861328
0.01649022102355957
0.010330677032470703
0.014612674713134766
0.02103257179260254
0.03854966163635254
0.0304563045501709
0.10681653022766113
0.0836646556854248
0.019185304641723633
0.06947088241577148
0.07183361053466797
0.018186330795288086
0.0494234561920166
9.5367431640625e-07
0.014954805374145508
0.01103067398071289
0.029952049255371094
0.028316974639892578
0.010146856307983398
0.013160467147827148
0.027140378952026367
0.014109611511230469
0.03707265853881836
0.0396733283996582
0.02601027488708496
0.005263090133666992
0.03515744209289551
0.026645660400390625
0.0704498291015625
0.03828263282775879
0.06311678886413574
0.021847248077392578
0.008331537246704102
0.007637977600097656
0.05550694465637207
0.07125234603881836
0.017038583755493164
0.04336690902709961
0.014508247375488281
4.76837158203125e-07
0.010226011276245117
0.004166126251220703
0.006074190139770508
0.026200532913208008
0.043889522552490234
0.02903270721435547
0.016621112823486328
0.01715087890625
0.05497002601623535
3.337860107421875e-06
0.08867454528808594
0.037336111068725586
0.08198308944702148
0.05172371864318848
0.01441502571105957
0.04643869400024414
0.007686614990234375
0.025002479553222656
0.03861832618713379
0.0392301082611084
0.011661052703857422
0.02805924415588379
0.0036695003509521484
0.02760910987854004
0.006985187530517578
0.033684492111206055
0.012853622436523438
0.02159857749938965
2.1457672119140625e-06
0.0406644344329834
0.056525468826293945
0.08045625686645508
0.03678274154663086
0.06791448593139648
0.016376733779907227
0.03859210014343262
0.03292250633239746
0.0235748291015625
0.010032176971435547
0.007464408874511719
0.021293163299560547
0.03908801078796387
0.012157917022705078
0.03549623489379883
0.029092788696289062
0.005881547927856445
0.1192162036895752
0.01740741729736328
0.03898787498474121
0.06652092933654785
0.03270077705383301
0.049080610275268555
0.014887332916259766
0.03759145736694336
0.04827404022216797
0.010303020477294922
0.01777958869934082
0.024936914443969727
0.010367155075073242
0.02143406867980957
0.011893272399902344
4.76837158203125e-07
0.03537273406982422
0.005697488784790039
0.027385711669921875
0.03902840614318848
0.017414093017578125
1.6689300537109375e-06
0.026503324508666992
0.0408782958984375
0.07085418701171875
0.03633761405944824
0.04549264907836914
0.08686494827270508
0.015488862991333008
0.007994651794433594
0.007272005081176758
0.05052661895751953
0.007152557373046875
0.04588198661804199
0.01840043067932129
0.025528907775878906
0.03892254829406738
0.027679920196533203
0.033727169036865234
0.012208938598632812
0.036185264587402344
0.005427360534667969
0.04092669486999512
0.005447864532470703
0.02413034439086914
0.02739715576171875
0.004338741302490234
1.6689300537109375e-06
0.06357383728027344
0.03929924964904785
0.05156207084655762
0.05282473564147949
0.016119718551635742
0.04052138328552246
0.01642894744873047
0.027754545211791992
0.027329206466674805
0.018642663955688477
0.005736589431762695
0.03837323188781738
0.037830352783203125
0.005999565124511719
0.00805211067199707
0.05298638343811035
0.016669511795043945
0.015062332153320312
0.10912013053894043
0.007064342498779297
0.03210115432739258
9.5367431640625e-07
0.050855159759521484
0.02577805519104004
0.007151126861572266
0.03947806358337402
0.015142440795898438
0.03931689262390137
0.02251124382019043
0.017347097396850586
0.02936577796936035
0.03907322883605957
2.1457672119140625e-06
0.05836343765258789
0.05499720573425293
0.07141566276550293
0.015706777572631836
0.02596902847290039
0.03901338577270508
0.010332822799682617
0.021737337112426758
0.0202944278717041
0.05441927909851074
0.04087257385253906
0.01700878143310547
0.029626131057739258
0.04721784591674805
0.008523702621459961
0.00824594497680664
0.036017417907714844
0.022248029708862305
0.028345108032226562
0.13753533363342285
0.02465510368347168
0.11631536483764648
0.07534265518188477
0.014141559600830078
0.033072710037231445
0.02426910400390625
0.030144929885864258
4.76837158203125e-07
0.0053751468658447266
0.03555607795715332
0.009077310562133789
0.02133798599243164
0.0128173828125
0.045332908630371094
0.04479408264160156
0.0228424072265625
0.03858518600463867
0.03029036521911621
0.005361318588256836
0.0158689022064209
1.6689300537109375e-06
0.015810728073120117
0.051239013671875
0.024918317794799805
0.0652918815612793
0.07636284828186035
0.07064390182495117
0.024393081665039062
0.04168081283569336
0.007209062576293945
0.026224136352539062
0.004599094390869141
0.036817312240600586
0.041075706481933594
0.019697189331054688
0.004065990447998047
0.0278627872467041
0.0051648616790771484
0.033514976501464844
0.026982545852661133
0.030768156051635742
2.384185791015625e-06
0.011651992797851562
0.007128000259399414
0.06523656845092773
0.004981040954589844
0.12143898010253906
0.008845090866088867
0.01784515380859375
0.05155062675476074
0.015073060989379883
0.00889444351196289
0.03400564193725586
0.04350543022155762
0.04356527328491211
0.04234814643859863
0.021630287170410156
0.03800177574157715
0.0282590389251709
0.05206918716430664
0.07105731964111328
0.0414586067199707
1.9073486328125e-06
0.06054544448852539
0.005990266799926758
0.02044224739074707
0.08906269073486328
0.01802802085876465
0.0059587955474853516
0.005626678466796875
0.03458452224731445
0.03625130653381348
0.05174875259399414
0.04171943664550781
0.04148054122924805
0.017994165420532227
0.06176114082336426
0.024218082427978516
0.03753972053527832
0.05644512176513672
0.039281606674194336
0.015114068984985352
1.9073486328125e-06
0.006576061248779297
0.11835575103759766
0.0181429386138916
0.004748344421386719
0.00627899169921875
0.07420682907104492
0.012875080108642578
0.03544926643371582
0.03559303283691406
0.02482748031616211
0.021090984344482422
0.050547122955322266
0.026569128036499023
0.05573010444641113
0.02318859100341797
0.038245439529418945
0.05239129066467285
0.1002497673034668
0.06286263465881348
0.023952007293701172
0.03593945503234863
7.152557373046875e-07
0.02289438247680664
0.031905174255371094
0.00977015495300293
0.05240154266357422
0.008577585220336914
0.005133867263793945
0.014819145202636719
0.04293060302734375
0.041982412338256836
0.009981393814086914
0.048392295837402344
0.02396416664123535
0.03375053405761719
0.028925180435180664
0.016888141632080078
9.5367431640625e-07
0.0117950439453125
0.030950069427490234
0.04270029067993164
0.09518289566040039
0.01897287368774414
0.00483393669128418
0.042235374450683594
0.02398991584777832
0.021500587463378906
0.054448843002319336
0.005383491516113281
0.008709907531738281
0.038214921951293945
0.0495913028717041
0.034644365310668945
0.04676222801208496
0.021552085876464844
0.005139589309692383
0.05253958702087402
0.008576631546020508
2.384185791015625e-06
0.021023988723754883
0.006905794143676758
0.03618669509887695
0.034339189529418945
0.013782262802124023
0.03998136520385742
0.02502608299255371
0.03966116905212402
0.03824973106384277
0.02331399917602539
0.013100624084472656
0.038001060485839844
0.03559517860412598
0.0200808048248291
0.03164243698120117
0.018538236618041992
0.04911947250366211
2.86102294921875e-06
0.017362356185913086
0.029000043869018555
0.012770414352416992
0.12692618370056152
0.029833078384399414
0.01927947998046875
0.05510401725769043
0.09453439712524414
0.006593942642211914
0.023479700088500977
0.005457162857055664
0.04088330268859863
0.018863439559936523
0.0055849552154541016
0.055788516998291016
0.028485536575317383
0.021033763885498047
0.006607532501220703
0.03828549385070801
0.07049202919006348
0.04664349555969238
2.6226043701171875e-06
0.03879189491271973
0.04219198226928711
0.03618359565734863
0.004686117172241211
0.0220949649810791
0.014879703521728516
0.007682085037231445
0.008387327194213867
0.05045032501220703
0.013356208801269531
0.036956071853637695
0.02733898162841797
0.024395227432250977
0.006700754165649414
0.04801654815673828
0.037351369857788086
0.03928637504577637
2.1457672119140625e-06
0.015285253524780273
0.02917957305908203
0.006788969039916992
0.00948786735534668
0.015791893005371094
0.031208515167236328
0.029929399490356445
0.04073143005371094
0.04847407341003418
0.03135085105895996
0.050151824951171875
0.03536200523376465
0.01763772964477539
0.008153200149536133
0.04246640205383301
0.03719449043273926
0.026802778244018555
0.006309032440185547
0.03735661506652832
0.04870796203613281
0.06497979164123535
0.06356239318847656
2.384185791015625e-06
0.005314350128173828
0.00808405876159668
0.02400374412536621
0.034777164459228516
0.004889488220214844
0.05838370323181152
0.03783392906188965
0.02797555923461914
0.009874582290649414
0.029613971710205078
0.04198169708251953
0.03891611099243164
0.04677700996398926
0.013165950775146484
0.021126508712768555
0.03897261619567871
0.040706634521484375
0.021827220916748047
0.01520085334777832
1.6689300537109375e-06
0.03590583801269531
0.054552555084228516
0.0195467472076416
0.08774614334106445
0.007216691970825195
0.05522799491882324
0.029495716094970703
0.04242110252380371
0.005158424377441406
0.04441022872924805
0.017531156539916992
0.035773515701293945
0.041634321212768555
0.011207818984985352
0.022395610809326172
0.005937099456787109
9.5367431640625e-07
0.019318342208862305
0.017964601516723633
0.04195761680603027
0.021838903427124023
0.0778043270111084
0.04157209396362305
0.011972904205322266
0.04803180694580078
0.0607304573059082
0.0054814815521240234
0.04999065399169922
0.0073528289794921875
0.05960416793823242
0.022055387496948242
0.008539438247680664
0.017971038818359375
0.041373252868652344
0.04293990135192871
0.023157596588134766
1.1920928955078125e-06
0.016865968704223633
0.028795957565307617
0.0967719554901123
0.024553298950195312
0.06391716003417969
0.07959866523742676
0.020467042922973633
0.04686737060546875
0.025825977325439453
0.02460956573486328
0.018930673599243164
0.005692958831787109
0.057184696197509766
0.03458261489868164
0.006840229034423828
0.027088642120361328
0.01582193374633789
0.04488515853881836
0.03647899627685547
0.006415128707885742
0.04850125312805176
1.430511474609375e-06
0.06109786033630371
0.009119510650634766
0.038541316986083984
0.02634453773498535
0.03515887260437012
0.006254434585571289
0.009622812271118164
0.05056881904602051
0.028082609176635742
0.05028700828552246
0.042118072509765625
0.020084142684936523
0.03740811347961426
0.03891301155090332
0.010688066482543945
0.013024568557739258
0.037956953048706055
0.03541922569274902
0.037713050842285156
0.006744384765625
0.02686595916748047
0.04215669631958008
0.0038466453552246094
0.03966641426086426
4.291534423828125e-06
0.0095367431640625
0.006678104400634766
0.01992011070251465
0.014848470687866211
0.04859113693237305
0.028963804244995117
0.059384822845458984
0.03845667839050293
0.04574441909790039
0.040935516357421875
0.012177705764770508
0.024313926696777344
0.04674386978149414
0.015692949295043945
0.06739306449890137
0.0060803890228271484
0.022877216339111328
0.026236772537231445
0.10357928276062012
0.05295419692993164
0.00546717643737793
0.04590463638305664
0.004747867584228516
0.024845123291015625
0.015572071075439453
0.009489774703979492
1.1920928955078125e-06
0.04149818420410156
0.02404928207397461
0.030455589294433594
0.03842663764953613
0.03112506866455078
0.01631021499633789
2.384185791015625e-06
0.020810604095458984
0.038254737854003906
0.034268856048583984
0.021555662155151367
0.02913689613342285
0.051134586334228516
0.06246542930603027
0.008710145950317383
0.04856586456298828
0.037499189376831055
0.005297422409057617
0.023207664489746094
0.01810908317565918
0.03438544273376465
0.013970375061035156
0.02324962615966797
0.04332137107849121
0.005390644073486328
0.021775245666503906
0.01734185218811035
2.86102294921875e-06
0.03172922134399414
0.03514242172241211
0.022991418838500977
0.009115457534790039
0.09519290924072266
0.008046150207519531
0.00588679313659668
0.03614234924316406
0.022322416305541992
0.004859209060668945
0.03450322151184082
0.0218660831451416
0.04484081268310547
0.027707576751708984
0.03873181343078613
0.03618574142456055
0.03718209266662598
0.024838924407958984
2.1457672119140625e-06
0.03266739845275879
0.020965576171875
0.04613208770751953
0.026863813400268555
0.00472259521484375
0.0074901580810546875
0.008541584014892578
0.030978679656982422
0.007228851318359375
0.03190875053405762
0.04610586166381836
0.038329124450683594
0.03397512435913086
0.04056096076965332
0.042379140853881836
0.023725032806396484
0.038297176361083984
0.012445688247680664
0.02350020408630371
0.018706083297729492
0.07867097854614258
1.5497207641601562e-05
0.04463624954223633
0.026706695556640625
0.030056476593017578
0.038969993591308594
0.11076879501342773
0.03637433052062988
0.06413888931274414
0.023515701293945312
0.02113652229309082
0.039011478424072266
0.006814479827880859
0.0382990837097168
0.005136013031005859
0.037732839584350586
0.02266240119934082
0.01132822036743164
0.014993906021118164
2.1457672119140625e-06
0.02185845375061035
0.03951239585876465
0.0333094596862793
0.05360603332519531
0.00546717643737793
0.011980772018432617
0.03588104248046875
0.031018495559692383
0.00513768196105957
0.05839037895202637
0.01275181770324707
0.017637252807617188
0.04061770439147949
0.03702878952026367
0.048044681549072266
0.0071294307708740234
0.04068493843078613
0.027456045150756836
0.0898597240447998
0.09083914756774902
0.023364782333374023
0.11953067779541016
0.045702219009399414
0.008759498596191406
0.02438044548034668
0.04329490661621094
0.016539573669433594
0.01842021942138672
7.152557373046875e-07
0.03615903854370117
0.035106658935546875
0.017730712890625
0.02503824234008789
0.011282205581665039
0.029012203216552734
0.04793548583984375
0.02855658531188965
0.04453229904174805
0.030010461807250977
0.038667917251586914
0.003801584243774414
0.007601022720336914
0.01704239845275879
0.053179025650024414
3.337860107421875e-06
0.02982354164123535
0.044564247131347656
0.06389737129211426
0.07403349876403809
0.060395240783691406
0.03704237937927246
0.010763168334960938
0.04291343688964844
0.015675067901611328
0.01405787467956543
0.005891084671020508
0.04038524627685547
0.02221393585205078
0.018863439559936523
0.08560824394226074
0.08689022064208984
0.0474858283996582
0.06285858154296875
0.015868663787841797
0.0219118595123291
0.029996395111083984
0.005238771438598633
0.049652099609375
0.03431057929992676
0.01933431625366211
0.05363917350769043
0.014813423156738281
0.03230786323547363
0.022101640701293945
0.03944563865661621
9.5367431640625e-07
0.03181338310241699
0.005065202713012695
0.12291169166564941
0.008318662643432617
0.008630514144897461
0.019929170608520508
0.035317182540893555
0.02420330047607422
0.011292219161987305
0.036580801010131836
0.04236245155334473
0.041170597076416016
0.03522372245788574
0.012601375579833984
0.033347368240356445
0.05192089080810547
0.05211043357849121
0.011221170425415039
7.152557373046875e-07
0.02043890953063965
0.03815960884094238
0.029644250869750977
0.023524999618530273
0.016779661178588867
0.11445951461791992
0.033446311950683594
0.014374494552612305
0.0323185920715332
0.05374574661254883
1.6689300537109375e-06
0.007701873779296875
0.004319429397583008
0.028613805770874023
0.013418436050415039
0.008557319641113281
0.014995574951171875
0.04025864601135254
0.04081988334655762
0.028012752532958984
0.03806304931640625
0.036719322204589844
0.03944802284240723
0.013775110244750977
0.029188871383666992
0.022891521453857422
7.152557373046875e-07
0.05803227424621582
0.029828786849975586
0.004866838455200195
0.007066965103149414
0.03540396690368652
0.08165597915649414
0.01894521713256836
0.023209095001220703
0.05502629280090332
0.038381338119506836
0.0041828155517578125
0.018451929092407227
0.04084444046020508
0.008214950561523438
0.03954911231994629
0.02364945411682129
0.0458984375
0.06418728828430176
0.0053822994232177734
0.008128166198730469
2.6226043701171875e-06
0.04560351371765137
0.023830175399780273
0.03871607780456543
0.02069377899169922
0.06321930885314941
0.025807857513427734
0.0067288875579833984
0.0072329044342041016
0.015429496765136719
0.016676902770996094
0.01630711555480957
0.02578115463256836
0.04318881034851074
0.04246664047241211
0.03384804725646973
0.009230852127075195
0.022646188735961914
3.0994415283203125e-06
0.019064664840698242
0.023814678192138672
0.096282958984375
0.004334449768066406
0.026647567749023438
0.04153847694396973
0.04850935935974121
0.041269779205322266
0.023515939712524414
0.038130760192871094
0.011191368103027344
0.03068065643310547
0.05415201187133789
0.02402806282043457
0.005719423294067383
0.012216329574584961
0.026449203491210938
0.026605844497680664
0.00728297233581543
0.016011953353881836
0.11410665512084961
0.050699472427368164
0.02590036392211914
0.016324281692504883
1.9073486328125e-06
0.007573366165161133
0.005034208297729492
0.030788183212280273
0.027796030044555664
0.015073537826538086
0.03848576545715332
0.061144113540649414
0.03641390800476074
0.01540994644165039
0.024550437927246094
0.03946709632873535
0.03734159469604492
0.059926748275756836
0.01027226448059082
0.005271196365356445
0.02473306655883789
0.021089553833007812
0.038146257400512695
0.01445913314819336
9.5367431640625e-07
0.0303189754486084
0.02281785011291504
0.035974979400634766
0.06958556175231934
0.006662130355834961
0.04612994194030762
0.012563705444335938
0.019632816314697266
0.05462503433227539
0.04768228530883789
0.026866674423217773
0.039437294006347656
0.0047338008880615234
0.09424853324890137
0.07349276542663574
0.005703926086425781
0.038008928298950195
0.07043099403381348
0.03490304946899414
0.021800994873046875
0.018611907958984375
0.016942977905273438
0.008930444717407227
0.026372909545898438
0.026484251022338867
0.01646566390991211
0.04178476333618164
9.5367431640625e-07
0.0386662483215332
0.03870558738708496
0.020258665084838867
0.0050296783447265625
6.9141387939453125e-06
0.08120942115783691
0.006644487380981445
0.06427621841430664
0.032282114028930664
0.0183258056640625
0.09883546829223633
0.0065953731536865234
0.03520011901855469
0.05160021781921387
0.012642860412597656
0.02975606918334961
0.02596449851989746
0.04673027992248535
0.0407252311706543
0.010887384414672852
0.013664722442626953
0.03381013870239258
0.016705036163330078
0.03807520866394043
3.0994415283203125e-06
0.03794980049133301
0.0830686092376709
0.03516054153442383
0.07111763954162598
0.03865218162536621
0.05281543731689453
0.008098840713500977
0.014640092849731445
0.00773310661315918
0.02470231056213379
0.01480555534362793
0.013041973114013672
0.01682138442993164
0.03069901466369629
0.018169164657592773
0.015348672866821289
0.056635141372680664
0.03805208206176758
0.03805351257324219
0.007939815521240234
0.029381513595581055
0.007935285568237305
0.034871816635131836
0.024338960647583008
0.0471494197845459
0.014425992965698242
0.036414146423339844
0.0569005012512207
0.04740262031555176
0.026506900787353516
0.04433941841125488
0.010728597640991211
0.029465198516845703
0.0049092769622802734
7.152557373046875e-07
0.042990684509277344
0.024530410766601562
0.0425260066986084
0.03740692138671875
0.045334815979003906
0.07942986488342285
0.020149707794189453
0.013511419296264648
0.019108295440673828
0.038214921951293945
0.06312251091003418
9.5367431640625e-07
0.027475595474243164
0.04705452919006348
0.03973793983459473
0.013552427291870117
0.0070078372955322266
0.016863346099853516
0.006400585174560547
0.04499554634094238
0.014310121536254883
0.03200888633728027
0.047119855880737305
0.02103400230407715
0.015106439590454102
0.046532630920410156
0.03322172164916992
9.5367431640625e-07
0.03282356262207031
0.10527515411376953
0.007306337356567383
0.005691051483154297
0.05506134033203125
0.02647542953491211
0.006340742111206055
0.03960013389587402
0.03997611999511719
0.040370941162109375
0.023814916610717773
0.005957841873168945
0.041169166564941406
0.04372096061706543
0.012302398681640625
0.023763418197631836
0.01590871810913086
0.08273696899414062
0.008502483367919922
0.03564023971557617
0.07602763175964355
4.76837158203125e-07
0.014268636703491211
0.030592679977416992
0.011815309524536133
0.06198883056640625
0.03804469108581543
0.009771108627319336
0.01847529411315918
0.0360567569732666
0.04206681251525879
0.03971266746520996
0.006285905838012695
0.020529747009277344
0.03954267501831055
0.030847549438476562
0.03742790222167969
0.013540506362915039
9.5367431640625e-07
0.015557050704956055
0.09892630577087402
0.052278995513916016
0.00821375846862793
0.008759498596191406
0.049204111099243164
0.004492998123168945
0.032668113708496094
0.06883478164672852
0.017605066299438477
0.014303445816040039
0.027741193771362305
0.0053365230560302734
0.03601694107055664
0.0338594913482666
0.03959918022155762
0.03651237487792969
0.03160500526428223
0.014611244201660156
0.0051708221435546875
0.02623271942138672
7.152557373046875e-07
0.023684263229370117
0.039751529693603516
0.05155777931213379
0.05650472640991211
0.025321006774902344
0.037095069885253906
0.014734029769897461
0.005102872848510742
0.03985095024108887
0.04468965530395508
0.01259756088256836
0.023586034774780273
0.00601649284362793
0.028643369674682617
0.038522958755493164
3.0994415283203125e-06
0.031244993209838867
0.017343997955322266
0.01285099983215332
0.03168821334838867
0.004227399826049805
0.006595611572265625
0.03856706619262695
0.03521418571472168
0.007167339324951172
0.02192211151123047
0.013495922088623047
0.039878129959106445
0.014312267303466797
0.050939321517944336
0.05300474166870117
0.004555463790893555
0.052227020263671875
0.03805136680603027
0.024046659469604492
0.021884918212890625
0.024008512496948242
0.013040781021118164
0.0367426872253418
0.04917263984680176
0.0689382553100586
0.014938592910766602
0.03341341018676758
0.05170011520385742
0.017670869827270508
0.00679469108581543
0.02342820167541504
0.048799991607666016
0.02992534637451172
0.04059123992919922
9.5367431640625e-07
0.0058133602142333984
0.027624845504760742
0.04121732711791992
0.02444148063659668
0.013818502426147461
2.1457672119140625e-06
0.03304100036621094
0.01575493812561035
0.08230733871459961
0.10162210464477539
0.05337071418762207
0.010477066040039062
0.053963422775268555
0.04168272018432617
0.040630340576171875
0.05162358283996582
0.007185220718383789
0.005697727203369141
0.040746212005615234
0.015712261199951172
0.05041861534118652
0.017777204513549805
0.005408763885498047
0.028451919555664062
0.0910334587097168
0.09694480895996094
0.042984724044799805
0.0567171573638916
0.020486116409301758
0.05557894706726074
0.008599519729614258
0.026326656341552734
0.01395559310913086
0.02483510971069336
0.0054590702056884766
0.010149478912353516
0.03724932670593262
0.04001212120056152
0.03624677658081055
0.029814481735229492
0.009621381759643555
0.010416269302368164
4.76837158203125e-07
0.021831512451171875
0.015521049499511719
0.0371248722076416
0.022373437881469727
3.0994415283203125e-06
0.04374551773071289
0.09430170059204102
0.019257068634033203
0.0065271854400634766
0.05104374885559082
0.010089635848999023
0.040669918060302734
0.006144046783447266
0.023461103439331055
0.0276334285736084
0.020102739334106445
0.03769207000732422
0.0072994232177734375
0.024699926376342773
0.03827929496765137
0.045224905014038086
0.04350423812866211
0.004499197006225586
0.034549713134765625
0.028902530670166016
0.05575728416442871
0.00760650634765625
0.04730558395385742
0.011182069778442383
0.08932876586914062
0.03987479209899902
0.026454925537109375
0.04639863967895508
0.014681577682495117
0.008854150772094727
0.017983436584472656
0.04476046562194824
0.03132200241088867
7.152557373046875e-07
0.0107421875
0.02955770492553711
0.04625082015991211
0.09939146041870117
0.07773423194885254
0.03346109390258789
0.08636951446533203
0.015103340148925781
0.03147554397583008
0.02524280548095703
0.004719734191894531
0.029692888259887695
0.019289016723632812
0.040056467056274414
0.008834362030029297
9.5367431640625e-07
0.043226003646850586
0.012144088745117188
0.04116463661193848
0.012174367904663086
0.010408639907836914
0.04334211349487305
0.031395673751831055
0.146834135055542
0.02710890769958496
0.03534054756164551
0.006053924560546875
0.025858163833618164
0.004912137985229492
0.0063550472259521484
1.1920928955078125e-06
0.05246233940124512
0.012691736221313477
0.03560996055603027
0.03370070457458496
0.03175020217895508
0.03690481185913086
0.010088682174682617
0.020312070846557617
0.04938364028930664
0.035726070404052734
0.037935495376586914
9.5367431640625e-07
0.012838363647460938
0.05173182487487793
0.02021956443786621
0.006600856781005859
0.004616498947143555
0.02789926528930664
0.08459663391113281
0.05868363380432129
0.08158063888549805
0.01987290382385254
0.008055925369262695
0.015654802322387695
0.04587221145629883
0.025081157684326172
0.03512120246887207
0.030003070831298828
0.021588563919067383
0.009216785430908203
0.047882080078125
0.03170919418334961
0.06062912940979004
0.1050570011138916
0.01794910430908203
0.03126835823059082
0.06742739677429199
0.054956912994384766
0.054161787033081055
0.030705690383911133
0.007974624633789062
0.020767927169799805
0.006391763687133789
0.030572891235351562
0.012780904769897461
1.1920928955078125e-06
0.005814313888549805
0.010840892791748047
0.025603532791137695
0.03880667686462402
0.04608154296875
0.024087905883789062
2.1457672119140625e-06
0.01674818992614746
0.03960061073303223
0.04509329795837402
0.02024555206298828
0.04604005813598633
0.029346704483032227
0.035124778747558594
0.036293983459472656
0.03365969657897949
0.005960941314697266
0.005006551742553711
0.0449213981628418
0.010036706924438477
0.04643654823303223
0.03917837142944336
0.02866530418395996
0.05324244499206543
0.011642217636108398
0.03545546531677246
0.004164695739746094
0.1471107006072998
0.03567695617675781
0.05504608154296875
9.5367431640625e-07
0.008481740951538086
0.05815386772155762
0.020827531814575195
0.02257227897644043
0.03282499313354492
0.041749000549316406
0.026401758193969727
0.019860506057739258
0.0528256893157959
0.019185781478881836
0.046567440032958984
0.013636112213134766
0.005707740783691406
0.025789976119995117
0.0628042221069336
0.10567045211791992
0.010356903076171875
0.06488847732543945
0.03817033767700195
0.04685187339782715
0.07761335372924805
0.010003328323364258
0.019037961959838867
0.017792940139770508
9.5367431640625e-07
0.029967784881591797
0.03148460388183594
0.0073451995849609375
0.019399404525756836
0.038030147552490234
0.006077766418457031
0.01276087760925293
0.033102989196777344
0.03813576698303223
0.018458127975463867
0.013030052185058594
0.030586957931518555
1.6689300537109375e-06
0.029151201248168945
0.02560281753540039
0.09102344512939453
0.060178518295288086
0.038953542709350586
0.018367767333984375
0.04067540168762207
0.007798910140991211
0.005472898483276367
0.04545450210571289
0.0039331912994384766
0.015489816665649414
0.01150655746459961
0.039137840270996094
0.04040122032165527
0.04811859130859375
0.010491132736206055
9.5367431640625e-07
0.024338960647583008
0.01292562484741211
0.14331650733947754
0.04406404495239258
0.05793499946594238
0.029045581817626953
0.026461362838745117
0.044042348861694336
0.041025400161743164
0.009003162384033203
0.04683065414428711
0.004682302474975586
0.007653474807739258
0.04190421104431152
0.0054073333740234375
0.025481224060058594
0.012998580932617188
0.03363299369812012
0.05126547813415527
0.028901338577270508
0.003859996795654297
0.006196260452270508
0.022921323776245117
0.05591607093811035
0.04488348960876465
0.03890395164489746
0.04015922546386719
0.07286334037780762
0.030805349349975586
0.01952958106994629
0.006777286529541016
0.0043256282806396484
9.5367431640625e-07
0.03508496284484863
0.04027962684631348
0.010532617568969727
0.021477937698364258
0.03875231742858887
0.031340837478637695
0.07246232032775879
0.004003286361694336
0.00698399543762207
0.03024435043334961
0.014682531356811523
1.6689300537109375e-06
0.01117253303527832
0.04178667068481445
0.015120267868041992
0.04593634605407715
0.031117677688598633
0.04442024230957031
0.03509235382080078
0.045574188232421875
0.015449285507202148
0.028191089630126953
0.007706642150878906
0.020883560180664062
0.005243778228759766
0.023161649703979492
2.384185791015625e-06
0.02165961265563965
0.006768941879272461
0.02891397476196289
0.041031837463378906
0.007200479507446289
0.025628328323364258
0.00572514533996582
0.051859140396118164
0.008098363876342773
0.013178110122680664
0.014738082885742188
0.03783917427062988
0.028328657150268555
0.025024890899658203
0.03660988807678223
0.040204524993896484
0.023622751235961914
0.047538042068481445
0.011659622192382812
1.430511474609375e-06
0.018659114837646484
0.04089474678039551
0.040328264236450195
0.0037271976470947266
0.023948192596435547
0.005463361740112305
0.08806538581848145
0.05973219871520996
0.013295412063598633
0.03980731964111328
0.03737783432006836
0.009886741638183594
0.041977643966674805
0.017409801483154297
0.028928279876708984
0.005941867828369141
0.021216392517089844
0.02767205238342285
0.030347585678100586
3.5762786865234375e-06
0.05019974708557129
0.022382497787475586
0.0682520866394043
0.050438880920410156
0.0055446624755859375
0.06018781661987305
0.016294479370117188
0.012270689010620117
0.026958465576171875
0.011310577392578125
0.03488802909851074
0.013221263885498047
0.003899097442626953
0.024338483810424805
0.039736032485961914
0.02383875846862793
0.037162065505981445
0.04424095153808594
0.07741069793701172
9.5367431640625e-07
0.04120326042175293
0.020209789276123047
0.006556272506713867
0.07991433143615723
0.0758359432220459
0.008119821548461914
0.048566341400146484
0.041233062744140625
0.007597208023071289
0.008308649063110352
0.041815757751464844
0.018985986709594727
0.03914976119995117
0.051962852478027344
0.031908273696899414
0.03262472152709961
0.029735803604125977
0.014032602310180664
