0.04481053352355957
0.0007538795471191406
0.0030460357666015625
0.0005125999450683594
0.04630565643310547
0.0038230419158935547
0.0012433528900146484
0.004484891891479492
0.0039751529693603516
0.0024330615997314453
0.0009603500366210938
0.004048347473144531
0.002409696578979492
0.0004837512969970703
0.08721113204956055
7.152557373046875e-07
0.0016696453094482422
0.0026755332946777344
0.005203723907470703
0.0018601417541503906
0.004614353179931641
0.006990671157836914
0.0035653114318847656
0.0058515071868896484
0.042810678482055664
0.0034716129302978516
0.00037550926208496094
0.0005533695220947266
0.001367807388305664
0.0026979446411132812
0.002086162567138672
1.430511474609375e-06
0.0033228397369384766
0.002109527587890625
0.004593610763549805
0.0011241436004638672
0.0031766891479492188
0.0018100738525390625
0.0007021427154541016
0.002414703369140625
0.009551763534545898
4.291534423828125e-06
0.0031774044036865234
0.000751495361328125
0.0020771026611328125
0.001073598861694336
0.003323793411254883
0.00706171989440918
0.004329204559326172
0.002012968063354492
0.004548549652099609
0.005311012268066406
0.002671957015991211
0.0038394927978515625
0.0007212162017822266
0.00045228004455566406
0.004126787185668945
0.004558563232421875
0.0016515254974365234
0.003449678421020508
0.005547285079956055
0.005382537841796875
0.0011763572692871094
0.0012865066528320312
0.003814697265625
0.0022389888763427734
0.0027174949645996094
0.0052568912506103516
0.001980304718017578
0.005983114242553711
0.00391077995300293
0.0059931278228759766
7.152557373046875e-07
0.0028848648071289062
0.0008471012115478516
0.0008318424224853516
0.003841876983642578
0.006772756576538086
0.0019109249114990234
0.0045435428619384766
0.0023283958435058594
0.007040739059448242
0.006093740463256836
0.0012366771697998047
0.005469560623168945
0.008276224136352539
0.003780841827392578
0.0023550987243652344
7.152557373046875e-07
0.0024864673614501953
0.0033719539642333984
0.002521038055419922
0.004105806350708008
0.0034332275390625
0.004685640335083008
0.002768993377685547
0.004652261734008789
0.003738880157470703
0.0009245872497558594
0.004018068313598633
0.0008788108825683594
0.006383657455444336
0.0029790401458740234
0.0012357234954833984
0.004154682159423828
0.0017387866973876953
0.005151510238647461
0.001733541488647461
0.006147623062133789
0.004746198654174805
0.008529901504516602
0.0046694278717041016
1.1920928955078125e-06
0.004815578460693359
0.0014126300811767578
0.0023708343505859375
0.00357818603515625
0.002083301544189453
0.0015866756439208984
0.003936052322387695
0.02112293243408203
0.007102012634277344
0.00318145751953125
0.024329662322998047
0.008812427520751953
0.006902456283569336
9.5367431640625e-07
0.0052492618560791016
0.001508474349975586
0.0010004043579101562
0.00054931640625
0.0006146430969238281
0.004543304443359375
0.002369403839111328
0.0035886764526367188
0.0015037059783935547
0.003982067108154297
0.00481104850769043
0.002884387969970703
0.0018472671508789062
2.384185791015625e-06
0.0017805099487304688
0.003130674362182617
0.0018091201782226562
0.0018303394317626953
0.0028035640716552734
0.004252910614013672
0.0011425018310546875
0.0011811256408691406
0.006009101867675781
0.004254341125488281
0.0050165653228759766
0.005655050277709961
0.0016598701477050781
0.0029442310333251953
0.005507946014404297
0.0032193660736083984
0.0074062347412109375
0.0027303695678710938
0.004122734069824219
0.004953145980834961
0.0015828609466552734
0.009554862976074219
0.00580906867980957
0.00531768798828125
0.006743192672729492
0.007691621780395508
1.1920928955078125e-06
0.001024484634399414
0.00434112548828125
0.0037174224853515625
0.0013308525085449219
0.0017485618591308594
0.0021562576293945312
0.0006799697875976562
0.0006709098815917969
0.001478433609008789
0.005416393280029297
0.0039408206939697266
0.003026723861694336
0.0019974708557128906
0.0008285045623779297
0.004292726516723633
0.0017571449279785156
0.0058443546295166016
0.0048520565032958984
0.004454612731933594
0.0051038265228271484
9.5367431640625e-07
0.003674745559692383
0.004042148590087891
0.0037229061126708984
0.0026230812072753906
0.00046062469482421875
0.00045418739318847656
0.004823923110961914
0.0019421577453613281
0.0013132095336914062
0.003654003143310547
0.0013675689697265625
0.006306886672973633
0.005552768707275391
0.04484868049621582
0.006605625152587891
0.0024666786193847656
1.430511474609375e-06
0.002076864242553711
0.0037381649017333984
0.003067493438720703
0.00360870361328125
0.005404472351074219
0.00442814826965332
0.0015184879302978516
0.0007319450378417969
0.00398564338684082
0.003988504409790039
0.0005059242248535156
0.003984212875366211
0.002546548843383789
0.0005621910095214844
0.0024628639221191406
0.0024220943450927734
0.0043256282806396484
0.006741523742675781
0.0011665821075439453
0.004378318786621094
0.0012354850769042969
0.003323078155517578
9.5367431640625e-07
0.00625920295715332
0.0029265880584716797
0.0046384334564208984
0.0004885196685791016
0.004365444183349609
0.0009028911590576172
0.005288362503051758
0.0024018287658691406
0.0014986991882324219
0.0023941993713378906
0.0033342838287353516
0.004620552062988281
0.009546995162963867
0.007289886474609375
0.028268814086914062
5.9604644775390625e-06
0.0043375492095947266
0.0018153190612792969
0.0017292499542236328
0.0006394386291503906
0.0033550262451171875
0.0015468597412109375
0.004523515701293945
0.004613399505615234
0.003160715103149414
0.004925727844238281
0.002988576889038086
0.0005481243133544922
0.002465486526489258
0.0004887580871582031
0.0014023780822753906
0.0027086734771728516
0.002536296844482422
0.0045430660247802734
1.6689300537109375e-06
0.010077953338623047
0.0012226104736328125
0.004067659378051758
0.003619670867919922
0.0057599544525146484
0.009425640106201172
0.0026810169219970703
0.004875659942626953
0.005023002624511719
0.0014274120330810547
0.0018863677978515625
0.00448298454284668
0.004577159881591797
0.002952098846435547
0.0013434886932373047
0.0043947696685791016
0.006282329559326172
0.0036635398864746094
0.0057086944580078125
0.0061109066009521484
4.0531158447265625e-06
0.0014460086822509766
0.0025267601013183594
0.0033698081970214844
0.0014879703521728516
0.005150556564331055
0.0022857189178466797
0.005072832107543945
0.005276679992675781
0.003968238830566406
0.0033464431762695312
0.0024614334106445312
0.0017199516296386719
0.004416465759277344
0.0010035037994384766
0.0031261444091796875
0.00867772102355957
0.0006721019744873047
0.006216764450073242
0.009943008422851562
0.003301382064819336
0.0020360946655273438
0.0028848648071289062
0.0046350955963134766
0.009578943252563477
0.0012221336364746094
0.0010921955108642578
0.005916118621826172
0.004477500915527344
0.001192331314086914
0.0034694671630859375
0.004323005676269531
7.152557373046875e-07
0.004516124725341797
0.0029931068420410156
0.0022377967834472656
0.0035953521728515625
0.004135847091674805
0.0011687278747558594
0.005956888198852539
0.0014863014221191406
0.006105184555053711
0.007110118865966797
2.6226043701171875e-06
0.003663778305053711
0.002738475799560547
0.0014319419860839844
0.0011489391326904297
0.0016782283782958984
0.0038995742797851562
0.004244804382324219
0.004518270492553711
0.004503726959228516
0.00070953369140625
0.0024480819702148438
0.002033233642578125
0.0058896541595458984
0.002240419387817383
0.0009686946868896484
0.0021452903747558594
0.0006449222564697266
0.008725643157958984
0.00347900390625
0.005225181579589844
0.0076787471771240234
0.0033326148986816406
0.004735469818115234
9.5367431640625e-07
0.005304574966430664
0.00591731071472168
0.0034296512603759766
0.00171661376953125
0.00555872917175293
0.002854585647583008
0.0027828216552734375
0.0015969276428222656
0.0024802684783935547
0.0019092559814453125
0.005723237991333008
0.004243612289428711
0.0023043155670166016
0.006245136260986328
0.0037660598754882812
0.004567623138427734
7.152557373046875e-07
0.00685572624206543
0.0007929801940917969
0.0027818679809570312
0.0025556087493896484
0.0013568401336669922
0.0006842613220214844
0.0035545825958251953
0.0024034976959228516
0.001542806625366211
0.0009114742279052734
0.0038776397705078125
0.005204916000366211
2.6226043701171875e-06
0.00449681282043457
0.0008072853088378906
0.0006067752838134766
0.0033981800079345703
0.002962350845336914
0.0022525787353515625
0.005007505416870117
0.002669811248779297
0.005148410797119141
0.004956722259521484
0.0019474029541015625
0.004303693771362305
0.0015418529510498047
0.002892732620239258
0.0026907920837402344
0.00463104248046875
0.001241922378540039
0.0014564990997314453
0.001875162124633789
0.008032083511352539
0.010704994201660156
0.005118608474731445
0.0031888484954833984
0.005937814712524414
0.0032961368560791016
0.007748842239379883
0.0040285587310791016
0.0014729499816894531
0.004690408706665039
0.004164218902587891
0.003270387649536133
0.002389192581176758
0.001775503158569336
0.0035123825073242188
0.0023636817932128906
0.0005447864532470703
1.1920928955078125e-06
0.0030698776245117188
0.005110025405883789
0.0019690990447998047
1.6689300537109375e-06
0.0023615360260009766
0.0024480819702148438
0.0227506160736084
0.022592544555664062
0.009849786758422852
0.0007894039154052734
0.004544258117675781
0.0008258819580078125
0.00289154052734375
0.003386974334716797
0.0009315013885498047
0.0029754638671875
0.000743865966796875
0.0015358924865722656
0.003877401351928711
0.004615306854248047
0.004370450973510742
0.009945869445800781
0.001184701919555664
0.005804538726806641
9.5367431640625e-06
0.0046825408935546875
0.005170106887817383
0.0015957355499267578
0.003634929656982422
0.0020432472229003906
0.004966259002685547
0.004681825637817383
0.0015170574188232422
0.0017132759094238281
0.002270221710205078
0.0014569759368896484
0.0009398460388183594
0.004571676254272461
0.0006749629974365234
0.00415492057800293
0.002378702163696289
1.1682510375976562e-05
0.003455638885498047
0.0018453598022460938
0.0019845962524414062
0.0028438568115234375
0.0009603500366210938
0.004647016525268555
0.004691362380981445
0.008268117904663086
0.0029604434967041016
0.001081228256225586
0.004145622253417969
0.0031549930572509766
0.00247955322265625
0.0012803077697753906
0.0035202503204345703
0.004214286804199219
0.004095554351806641
0.0004019737243652344
0.004110097885131836
0.005494356155395508
0.0011055469512939453
0.003754138946533203
0.0014505386352539062
1.1920928955078125e-06
0.007084369659423828
0.004167079925537109
0.015691280364990234
0.018118619918823242
0.0040318965911865234
0.0009503364562988281
0.0020568370819091797
0.0041980743408203125
0.002264738082885742
0.001683950424194336
0.001439809799194336
0.006794452667236328
0.0020008087158203125
0.005704402923583984
0.003863811492919922
0.005599498748779297
0.00445246696472168
0.0005626678466796875
0.0014133453369140625
0.004018068313598633
0.026721477508544922
1.1920928955078125e-06
0.01159977912902832
0.0035829544067382812
0.005866289138793945
0.0057675838470458984
0.0015752315521240234
0.004510641098022461
0.004819154739379883
0.0015301704406738281
0.0014812946319580078
0.000736236572265625
0.0016834735870361328
0.0039522647857666016
0.002687215805053711
0.0049245357513427734
0.0013737678527832031
0.002605915069580078
0.0007457733154296875
0.00528407096862793
0.0035932064056396484
0.0020384788513183594
0.005133628845214844
0.0064849853515625
0.006887197494506836
0.0032711029052734375
0.003679990768432617
0.002746105194091797
0.0009100437164306641
0.0021200180053710938
0.0031800270080566406
1.1920928955078125e-06
0.0042803287506103516
0.001001596450805664
0.0011212825775146484
0.002013683319091797
0.0016264915466308594
0.0036513805389404297
0.014495849609375
0.003012418746948242
0.004099607467651367
0.003293275833129883
0.0046117305755615234
0.0008695125579833984
0.0015935897827148438
0.004938364028930664
0.005132198333740234
0.0031960010528564453
0.00864410400390625
1.1920928955078125e-06
0.004107475280761719
0.002129793167114258
0.0014102458953857422
0.0016682147979736328
0.004233121871948242
0.003788471221923828
0.007511138916015625
0.01342463493347168
0.005085468292236328
0.013914346694946289
1.430511474609375e-06
0.0030562877655029297
0.0007460117340087891
0.0025510787963867188
0.001140594482421875
0.004872798919677734
0.0007624626159667969
0.002650737762451172
0.003932952880859375
0.004166126251220703
0.002387523651123047
0.005483865737915039
0.0005846023559570312
0.0017139911651611328
0.005776882171630859
0.0009739398956298828
0.004090309143066406
0.0009865760803222656
0.004300832748413086
0.002081632614135742
2.1457672119140625e-06
0.004873037338256836
0.004652500152587891
0.0032825469970703125
0.00532078742980957
0.0036020278930664062
0.005132913589477539
0.004341602325439453
0.0007030963897705078
0.002954721450805664
0.0005097389221191406
0.006030559539794922
0.0014891624450683594
0.003976106643676758
0.005101203918457031
0.007174491882324219
0.0011477470397949219
0.0058040618896484375
0.008418560028076172
0.0014295578002929688
0.007586240768432617
0.0030896663665771484
0.0011105537414550781
0.0037262439727783203
0.008379459381103516
0.008543252944946289
0.0021185874938964844
0.0011889934539794922
9.5367431640625e-07
0.0031554698944091797
0.0017900466918945312
0.004203081130981445
0.004210233688354492
0.0038144588470458984
0.0011653900146484375
0.0044057369232177734
0.0009090900421142578
0.0009913444519042969
0.003747224807739258
0.019510984420776367
4.0531158447265625e-06
0.0016319751739501953
0.005096435546875
0.0033190250396728516
0.004137516021728516
0.0014040470123291016
0.006165266036987305
0.002156972885131836
0.002409219741821289
0.0013110637664794922
0.0070993900299072266
0.005709409713745117
0.0019943714141845703
0.005018472671508789
0.0025796890258789062
0.0018436908721923828
0.013949394226074219
0.004156351089477539
0.00462651252746582
0.01884007453918457
0.0005438327789306641
0.005331516265869141
1.430511474609375e-06
0.004281759262084961
0.006534099578857422
0.0024378299713134766
0.0032715797424316406
0.0019893646240234375
0.0011320114135742188
0.001165151596069336
0.0028595924377441406
0.004055500030517578
0.0024182796478271484
0.0032279491424560547
0.002146005630493164
3.814697265625e-06
0.0030965805053710938
0.0016825199127197266
0.0026373863220214844
0.0017695426940917969
0.0035898685455322266
0.01427316665649414
0.005141735076904297
0.0323941707611084
0.006862163543701172
0.0036466121673583984
0.0016627311706542969
0.003066539764404297
0.0036356449127197266
0.0004684925079345703
0.0016846656799316406
0.0006978511810302734
0.0040357112884521484
0.0028066635131835938
0.0053598880767822266
0.00992274284362793
0.004514932632446289
4.291534423828125e-06
0.0012352466583251953
0.0027227401733398438
0.0023050308227539062
0.0048236846923828125
0.003520488739013672
0.004645347595214844
0.0021660327911376953
0.006237030029296875
0.0010309219360351562
0.0010175704956054688
0.00455784797668457
0.002711057662963867
0.004039287567138672
0.004720449447631836
0.00046324729919433594
0.002466440200805664
0.001970529556274414
4.0531158447265625e-06
0.0040225982666015625
0.004068851470947266
0.001711130142211914
0.017839670181274414
0.015695810317993164
0.0013186931610107422
0.0011630058288574219
0.0012302398681640625
0.0027861595153808594
0.00650787353515625
0.004426479339599609
0.004621267318725586
0.005643129348754883
0.005530118942260742
0.0033566951751708984
0.004378318786621094
0.0018718242645263672
0.0049860477447509766
0.001024484634399414
0.005892515182495117
0.00394892692565918
0.005593061447143555
0.001313924789428711
4.5299530029296875e-06
0.0021369457244873047
0.0012257099151611328
0.0038034915924072266
0.0020318031311035156
0.002669811248779297
0.0041658878326416016
0.0009801387786865234
0.004761695861816406
0.004936933517456055
0.0039098262786865234
0.004490375518798828
0.0006241798400878906
0.0025069713592529297
0.0041844844818115234
0.004399538040161133
4.76837158203125e-06
0.003912925720214844
0.0012290477752685547
0.0055904388427734375
0.0016367435455322266
0.0031805038452148438
0.002855539321899414
0.000789642333984375
0.00444793701171875
0.005956888198852539
0.003016233444213867
0.0008718967437744141
0.006668567657470703
0.006290435791015625
0.0038077831268310547
0.0006196498870849609
0.003982067108154297
0.003459453582763672
0.0013430118560791016
0.0016083717346191406
0.0040934085845947266
0.0032722949981689453
0.0020799636840820312
4.0531158447265625e-06
0.0036814212799072266
0.004057645797729492
0.017167091369628906
0.006135702133178711
0.011322021484375
0.0047338008880615234
0.003065347671508789
0.0007345676422119141
0.0013675689697265625
0.004154682159423828
0.004088640213012695
0.0005271434783935547
0.002530336380004883
0.0005402565002441406
0.003801107406616211
0.005660295486450195
0.0013687610626220703
1.1920928955078125e-06
0.0034437179565429688
0.002105236053466797
0.0053806304931640625
0.0013890266418457031
0.0018568038940429688
0.0011632442474365234
0.0074615478515625
0.004833698272705078
0.0033712387084960938
0.005125761032104492
0.0032014846801757812
0.004155874252319336
0.005345344543457031
0.003583669662475586
0.0019159317016601562
0.003186941146850586
0.0013871192932128906
0.0019817352294921875
0.0027942657470703125
0.0027136802673339844
0.0053331851959228516
0.001859903335571289
0.004865169525146484
0.0047609806060791016
0.0041620731353759766
0.003063678741455078
0.007314443588256836
0.0015213489532470703
0.004331827163696289
0.0039250850677490234
0.002711057662963867
7.152557373046875e-07
0.0015900135040283203
0.0026471614837646484
0.0005414485931396484
0.0014579296112060547
0.0006759166717529297
0.005880832672119141
0.008009910583496094
0.007222414016723633
0.005246400833129883
0.0048182010650634766
0.001481771469116211
0.002391815185546875
0.0013501644134521484
0.008461475372314453
0.0019485950469970703
0.0031175613403320312
0.0019192695617675781
0.001033782958984375
0.0008726119995117188
0.0031147003173828125
0.0015990734100341797
1.430511474609375e-06
0.004235982894897461
0.003824472427368164
0.0024824142456054688
0.002730846405029297
0.004394054412841797
0.006300449371337891
0.019275665283203125
0.0025582313537597656
0.0012462139129638672
0.006764888763427734
0.0027685165405273438
0.002645254135131836
0.00443577766418457
0.0033338069915771484
9.5367431640625e-07
0.002649068832397461
0.003813505172729492
0.0007524490356445312
0.00044989585876464844
0.004004955291748047
0.002549886703491211
0.001967906951904297
0.0008525848388671875
0.0054798126220703125
1.430511474609375e-06
0.0046520233154296875
0.002446413040161133
0.001249074935913086
0.005074739456176758
0.003566265106201172
0.0012793540954589844
0.0021431446075439453
0.022528648376464844
0.0047986507415771484
0.0035715103149414062
0.0028924942016601562
0.006700038909912109
0.0009560585021972656
0.0004754066467285156
0.003931283950805664
0.0025539398193359375
0.0031833648681640625
0.007275581359863281
0.001608133316040039
0.009423971176147461
0.00626063346862793
0.0045239925384521484
0.004511356353759766
0.0022935867309570312
0.0027337074279785156
0.001735687255859375
0.0012538433074951172
0.000873565673828125
1.1920928955078125e-06
0.004527091979980469
0.0035467147827148438
0.003895282745361328
0.0009717941284179688
0.004393577575683594
0.0011467933654785156
0.0015187263488769531
0.0027158260345458984
0.0017347335815429688
0.003695964813232422
0.005950212478637695
0.0023920536041259766
0.005011320114135742
0.0028791427612304688
0.0046617984771728516
0.004752397537231445
0.002568483352661133
0.0020475387573242188
0.004376649856567383
8.344650268554688e-06
0.0013782978057861328
0.00531005859375
0.0048029422760009766
0.0032699108123779297
0.0024099349975585938
0.0011734962463378906
0.003660440444946289
0.0030670166015625
0.0007021427154541016
0.000614166259765625
0.004764556884765625
0.001463174819946289
0.003268003463745117
0.00638127326965332
0.0039577484130859375
0.00226593017578125
1.9073486328125e-06
0.005512714385986328
0.005858659744262695
0.0008428096771240234
0.0015554428100585938
0.004184246063232422
0.004492282867431641
0.0015387535095214844
0.002524137496948242
0.0038852691650390625
0.002477884292602539
0.0005967617034912109
0.0016109943389892578
0.004118680953979492
4.0531158447265625e-06
0.0028569698333740234
0.003444671630859375
0.0009784698486328125
0.0026769638061523438
0.0021092891693115234
0.002565622329711914
0.0020914077758789062
0.0033257007598876953
0.0021462440490722656
0.0048220157623291016
0.0047681331634521484
0.003911018371582031
0.0037763118743896484
0.0032913684844970703
0.002624988555908203
0.003954887390136719
0.0023369789123535156
0.0004851818084716797
0.0038976669311523438
5.245208740234375e-06
0.0028040409088134766
0.0018768310546875
0.0021665096282958984
0.004422426223754883
0.0015320777893066406
0.002540111541748047
0.002136707305908203
0.0015964508056640625
0.0040035247802734375
0.005994081497192383
0.0007314682006835938
0.0029675960540771484
0.002819538116455078
0.004283428192138672
0.003815889358520508
0.0014667510986328125
0.006036996841430664
0.00545501708984375
0.003060579299926758
0.0014028549194335938
1.1920928955078125e-06
0.002862215042114258
0.0018329620361328125
0.0056552886962890625
0.007263898849487305
0.003273487091064453
0.0019526481628417969
0.006726264953613281
0.004865407943725586
0.003660917282104492
0.004010438919067383
0.0007958412170410156
0.002228975296020508
0.002480030059814453
0.0010402202606201172
0.005927562713623047
0.004802703857421875
0.004464387893676758
0.007171154022216797
0.026351451873779297
0.006936073303222656
0.002245664596557617
0.011820793151855469
0.003012418746948242
0.003732442855834961
1.1920928955078125e-06
0.004826784133911133
0.0010170936584472656
0.0007765293121337891
0.003841876983642578
0.004102468490600586
0.0008401870727539062
0.0016434192657470703
0.0050961971282958984
0.0014078617095947266
0.004732608795166016
0.0028998851776123047
0.002212047576904297
0.0038034915924072266
0.004152536392211914
0.006136894226074219
0.008233785629272461
0.0033407211303710938
0.0012137889862060547
0.015049457550048828
0.0009779930114746094
0.0012211799621582031
0.002583026885986328
0.0008602142333984375
0.0018644332885742188
0.003587007522583008
1.1920928955078125e-06
0.0027489662170410156
0.004801750183105469
0.003960132598876953
0.0026276111602783203
0.0038254261016845703
0.0012791156768798828
0.00485682487487793
0.008473873138427734
0.0011565685272216797
0.007643699645996094
0.006663322448730469
0.004358530044555664
0.0012810230255126953
0.00729680061340332
0.0026993751525878906
0.0031728744506835938
9.5367431640625e-07
0.004651069641113281
0.0011773109436035156
0.0017845630645751953
0.006125688552856445
0.0012047290802001953
0.0025587081909179688
0.00472569465637207
0.0017139911651611328
0.002544403076171875
0.0005104541778564453
0.0017559528350830078
1.1920928955078125e-06
0.003327608108520508
0.0019173622131347656
0.0042934417724609375
0.004430055618286133
0.0034983158111572266
0.0035037994384765625
0.004316091537475586
0.0008642673492431641
0.004234790802001953
0.0021255016326904297
0.001420736312866211
0.0041408538818359375
0.003459453582763672
0.0007994174957275391
0.0004611015319824219
0.003535032272338867
0.0003821849822998047
0.004713535308837891
0.00603485107421875
0.0037069320678710938
0.0006291866302490234
0.0015463829040527344
0.004701375961303711
0.0036520957946777344
0.0040280818939208984
0.008548736572265625
0.0016155242919921875
0.0012438297271728516
0.007046937942504883
0.004027843475341797
1.1920928955078125e-06
0.006268739700317383
0.0043675899505615234
0.0013451576232910156
0.003873109817504883
0.0005166530609130859
0.0015692710876464844
0.0018889904022216797
0.005265712738037109
0.000553131103515625
0.0007898807525634766
0.002696514129638672
0.024221420288085938
0.012546777725219727
0.008904695510864258
0.002463102340698242
0.0009799003601074219
1.1920928955078125e-06
0.002578258514404297
0.004669904708862305
0.0021164417266845703
0.0017039775848388672
0.002252817153930664
0.003323793411254883
0.006429433822631836
0.002152681350708008
0.006487607955932617
0.004655361175537109
0.017370223999023438
0.0022335052490234375
0.020067453384399414
0.002262592315673828
0.003425121307373047
0.004746198654174805
0.011432409286499023
0.008644580841064453
0.0013039112091064453
0.0014181137084960938
0.0030133724212646484
0.004933595657348633
0.0011205673217773438
0.0018906593322753906
1.1920928955078125e-06
0.0017096996307373047
0.004667997360229492
0.0040090084075927734
0.0034945011138916016
0.0029587745666503906
0.000873565673828125
0.0034208297729492188
0.0014529228210449219
0.0035848617553710938
0.005890846252441406
0.0068817138671875
0.0067975521087646484
0.005460500717163086
0.014008522033691406
9.5367431640625e-07
0.002731800079345703
0.001300811767578125
0.0025131702423095703
0.002801179885864258
0.00665283203125
0.004500627517700195
0.0018835067749023438
0.0006971359252929688
0.006368398666381836
0.004034996032714844
0.0011627674102783203
0.0009229183197021484
0.003907203674316406
0.0067691802978515625
0.007406949996948242
0.002827882766723633
0.008171319961547852
3.814697265625e-06
0.0011413097381591797
0.004346132278442383
0.006255626678466797
0.00215911865234375
0.004604816436767578
0.002512216567993164
0.0018143653869628906
0.0040438175201416016
0.002947092056274414
0.005212306976318359
0.0008809566497802734
0.0029931068420410156
0.004083871841430664
0.0031919479370117188
0.003085613250732422
0.007500648498535156
0.0014777183532714844
3.337860107421875e-06
0.007879018783569336
0.005536556243896484
0.0024709701538085938
0.00151824951171875
0.002668142318725586
0.0044138431549072266
0.0037374496459960938
0.005745410919189453
0.0034029483795166016
0.0018095970153808594
0.0007212162017822266
0.0044324398040771484
0.004655122756958008
0.0018901824951171875
0.0037355422973632812
0.011939287185668945
0.0030219554901123047
0.004372358322143555
0.005148410797119141
0.001466512680053711
9.5367431640625e-07
0.0007624626159667969
0.0011744499206542969
0.004549503326416016
0.005378246307373047
0.0021512508392333984
0.002228975296020508
0.001665353775024414
0.003904581069946289
0.0013766288757324219
0.0040738582611083984
0.002863645553588867
0.0030083656311035156
0.0013766288757324219
0.002574443817138672
0.0021512508392333984
0.0015904903411865234
0.0069065093994140625
1.430511474609375e-06
0.002697467803955078
0.0007355213165283203
0.0012476444244384766
0.004050016403198242
0.003565073013305664
0.003177642822265625
0.004219770431518555
0.0015759468078613281
0.00453639030456543
0.0041043758392333984
0.0035762786865234375
0.0025746822357177734
0.0025413036346435547
0.000530242919921875
0.0017116069793701172
0.005690813064575195
0.0022547245025634766
0.002333402633666992
0.02518320083618164
0.0056798458099365234
2.384185791015625e-06
0.0031239986419677734
0.0031325817108154297
0.005274295806884766
0.002301931381225586
0.0065174102783203125
0.0035445690155029297
0.0013494491577148438
0.00403594970703125
0.0017859935760498047
0.0029015541076660156
0.0016982555389404297
0.004426479339599609
0.004368305206298828
0.001588582992553711
0.0008492469787597656
0.004411458969116211
0.003237009048461914
0.0015361309051513672
1.1920928955078125e-06
0.0059680938720703125
0.0013856887817382812
0.004138946533203125
0.0009756088256835938
0.003061056137084961
0.003855466842651367
0.0021271705627441406
0.005676984786987305
0.0024480819702148438
0.003613710403442383
0.0020074844360351562
0.0009834766387939453
0.0063974857330322266
0.0061779022216796875
0.001550912857055664
0.0030744075775146484
0.004728078842163086
0.0027894973754882812
0.0014562606811523438
0.004418611526489258
0.000972747802734375
0.0032935142517089844
0.008369684219360352
0.002743244171142578
0.0019893646240234375
0.0040435791015625
0.005609273910522461
0.005642890930175781
0.0044214725494384766
0.0059871673583984375
0.0043926239013671875
0.00157928466796875
1.1920928955078125e-06
0.00047969818115234375
0.0015115737915039062
0.0027170181274414062
0.003457307815551758
0.0007343292236328125
0.004927396774291992
0.0006532669067382812
0.0022096633911132812
0.002140522003173828
1.430511474609375e-06
0.00370025634765625
0.004098415374755859
0.006453275680541992
0.007512331008911133
0.004642009735107422
0.004113197326660156
0.005301713943481445
0.0007827281951904297
0.0031151771545410156
0.0023937225341796875
0.0008194446563720703
0.0016329288482666016
0.008549690246582031
0.006251096725463867
0.005053281784057617
3.337860107421875e-06
0.0012700557708740234
0.0031342506408691406
0.006385326385498047
0.00446629524230957
0.0035550594329833984
0.0010154247283935547
0.0029861927032470703
0.004251956939697266
0.0005891323089599609
0.0005040168762207031
0.004088878631591797
0.0015516281127929688
0.0014252662658691406
0.0036916732788085938
0.004755735397338867
0.0037140846252441406
1.430511474609375e-06
0.0018248558044433594
0.004080295562744141
0.002079486846923828
0.0031032562255859375
0.0010368824005126953
0.004429817199707031
0.0056552886962890625
0.0037615299224853516
0.0016715526580810547
0.004132747650146484
0.0006058216094970703
0.0024938583374023438
0.00700068473815918
0.0012946128845214844
0.004117250442504883
0.002725839614868164
0.004115581512451172
0.002786397933959961
0.004396200180053711
0.003980159759521484
0.019875526428222656
0.0019075870513916016
0.007115840911865234
0.009363651275634766
0.008693456649780273
1.1920928955078125e-06
0.0019221305847167969
0.005117177963256836
0.0010941028594970703
0.0016524791717529297
0.0015437602996826172
0.0027773380279541016
0.004354000091552734
0.00044727325439453125
0.0018680095672607422
0.0005447864532470703
0.0047571659088134766
0.0034410953521728516
0.003463268280029297
0.0037131309509277344
0.0013034343719482422
0.0027878284454345703
0.0005753040313720703
0.0015430450439453125
0.004517793655395508
0.005959749221801758
1.1920928955078125e-06
0.0045702457427978516
0.006720304489135742
0.004189968109130859
0.002696514129638672
0.005343914031982422
0.0009467601776123047
0.0018074512481689453
0.004143476486206055
0.0011844635009765625
0.0018486976623535156
0.002595663070678711
0.003958225250244141
0.0009543895721435547
0.0010478496551513672
0.004277467727661133
0.005260944366455078
0.003648042678833008
0.007236480712890625
0.0026128292083740234
0.0022575855255126953
0.002783536911010742
0.007393836975097656
0.004834890365600586
1.1920928955078125e-06
0.0025572776794433594
0.0041882991790771484
0.002551555633544922
0.004419803619384766
0.0026674270629882812
0.0004928112030029297
0.0032782554626464844
0.005779743194580078
0.005148887634277344
0.0028705596923828125
0.0008358955383300781
0.0009090900421142578
0.0027179718017578125
2.6226043701171875e-06
0.004313945770263672
0.0021343231201171875
0.0074574947357177734
0.012463808059692383
0.0018863677978515625
0.00580143928527832
0.003712177276611328
0.004743337631225586
0.006344318389892578
0.0011169910430908203
0.0038406848907470703
0.0017468929290771484
0.0009334087371826172
0.002452373504638672
0.004377126693725586
0.005845069885253906
0.00944375991821289
0.0022776126861572266
0.0055828094482421875
0.0019271373748779297
0.001554727554321289
0.004095315933227539
0.005280256271362305
0.00799560546875
0.003671884536743164
0.0035483837127685547
0.002225160598754883
0.0036585330963134766
0.0015342235565185547
0.0025434494018554688
9.5367431640625e-07
0.004424571990966797
0.003659963607788086
0.002206087112426758
0.002016305923461914
0.0042264461517333984
9.5367431640625e-07
0.0030617713928222656
0.0009856224060058594
0.003709554672241211
0.0060651302337646484
0.0022704601287841797
0.007036685943603516
0.003386259078979492
0.008527040481567383
0.004050016403198242
0.0046994686126708984
0.002806425094604492
0.0005197525024414062
0.0006687641143798828
0.0041348934173583984
0.004399776458740234
0.0022182464599609375
0.0012502670288085938
0.006410837173461914
0.0018792152404785156
3.814697265625e-06
0.0035316944122314453
0.0041980743408203125
0.003423452377319336
0.02138996124267578
0.006842136383056641
0.002576589584350586
0.004900693893432617
0.0027315616607666016
0.0008387565612792969
0.002296924591064453
0.003267526626586914
0.0017681121826171875
0.0053517818450927734
0.0004439353942871094
0.0025968551635742188
0.004213094711303711
0.0011949539184570312
0.0012485980987548828
0.0013468265533447266
0.005921602249145508
0.003875732421875
0.0021011829376220703
0.0028641223907470703
3.0994415283203125e-06
0.004309892654418945
0.0051708221435546875
0.0019009113311767578
0.0060977935791015625
0.0045435428619384766
0.0011470317840576172
0.0037698745727539062
0.00429987907409668
0.003924131393432617
0.002608060836791992
0.0014383792877197266
0.0018680095672607422
0.0058476924896240234
0.006577014923095703
0.010912418365478516
3.337860107421875e-06
0.004136323928833008
0.0012035369873046875
0.00171661376953125
0.0010461807250976562
0.005579233169555664
0.0025281906127929688
0.003359556198120117
0.004557609558105469
0.00481104850769043
0.004426002502441406
0.003989696502685547
0.0005602836608886719
0.0005362033843994141
0.0047588348388671875
0.0029306411743164062
0.0015442371368408203
0.0017516613006591797
9.5367431640625e-07
0.003392934799194336
0.0015659332275390625
0.002112150192260742
0.0012772083282470703
0.005795001983642578
0.0013246536254882812
0.0044705867767333984
0.004155397415161133
0.0022733211517333984
0.003460407257080078
0.0077648162841796875
0.005293130874633789
0.005098104476928711
0.006584644317626953
0.0032837390899658203
0.0064656734466552734
0.0018744468688964844
0.006081581115722656
0.0043621063232421875
0.001705169677734375
0.007314443588256836
0.001661062240600586
0.0034313201904296875
0.006735086441040039
0.0018360614776611328
0.003306150436401367
0.00794219970703125
0.0010046958923339844
0.003882884979248047
0.0021326541900634766
7.152557373046875e-07
0.006026506423950195
0.003969669342041016
0.001752614974975586
0.004137992858886719
0.0036084651947021484
0.001287698745727539
0.0004425048828125
0.0023856163024902344
0.0038421154022216797
0.0009279251098632812
0.001956462860107422
0.00495600700378418
0.0031883716583251953
0.0012633800506591797
0.002954244613647461
0.001859903335571289
1.6689300537109375e-06
0.003425121307373047
0.0039446353912353516
0.005708217620849609
0.0038824081420898438
0.0048792362213134766
0.0015537738800048828
0.004098415374755859
0.0014941692352294922
0.0028967857360839844
0.004606723785400391
0.0038127899169921875
0.001661539077758789
0.004269838333129883
0.005254983901977539
0.004881381988525391
0.0036513805389404297
0.002509593963623047
4.0531158447265625e-06
0.0042040348052978516
0.004241466522216797
0.003330230712890625
0.003299713134765625
0.0021772384643554688
0.0046939849853515625
0.003536701202392578
0.0005719661712646484
0.0004012584686279297
0.0040323734283447266
0.003756284713745117
0.0048182010650634766
0.004223346710205078
0.003138303756713867
0.0052318572998046875
0.0007655620574951172
0.001096487045288086
0.001676797866821289
1.1920928955078125e-06
0.0036525726318359375
0.0018537044525146484
0.0010502338409423828
0.001312255859375
0.00521087646484375
0.005460262298583984
0.0034868717193603516
0.004119873046875
0.001752614974975586
0.002596616744995117
0.001961231231689453
0.004454374313354492
0.005693197250366211
0.0066738128662109375
0.0013577938079833984
0.0016980171203613281
0.017229318618774414
0.008833646774291992
0.0018985271453857422
0.008726119995117188
4.5299530029296875e-06
0.004257678985595703
0.0010056495666503906
0.008149862289428711
0.00484013557434082
0.0034308433532714844
0.002527952194213867
0.0016498565673828125
0.0051593780517578125
0.0013966560363769531
0.001434326171875
0.0027408599853515625
0.004572629928588867
0.0023577213287353516
0.0011408329010009766
0.0013120174407958984
0.004433155059814453
0.0028226375579833984
0.0014812946319580078
0.007641315460205078
0.00150299072265625
0.006269216537475586
0.00986623764038086
0.009507417678833008
0.0031332969665527344
1.430511474609375e-06
0.005768299102783203
0.0021295547485351562
0.003570079803466797
0.0026006698608398438
0.0015261173248291016
0.0018401145935058594
0.0004146099090576172
0.0028772354125976562
0.005694866180419922
0.0015497207641601562
0.002182483673095703
0.0047376155853271484
0.0010170936584472656
0.0008223056793212891
0.0034837722778320312
9.5367431640625e-07
0.009419679641723633
0.0014069080352783203
0.0021703243255615234
0.0033774375915527344
0.006247997283935547
0.002911090850830078
0.004401683807373047
0.0012285709381103516
0.0034630298614501953
0.00324249267578125
0.0030117034912109375
0.003889322280883789
0.0014336109161376953
0.0040149688720703125
0.005147457122802734
0.0009274482727050781
0.0063097476959228516
0.006600856781005859
0.006815910339355469
0.003263235092163086
0.0015301704406738281
0.005191802978515625
0.0038323402404785156
1.1920928955078125e-06
0.001626729965209961
0.0019109249114990234
0.005333900451660156
0.004759311676025391
0.0020537376403808594
0.0005960464477539062
0.0005476474761962891
0.001798391342163086
0.000881195068359375
0.007775545120239258
0.0014688968658447266
0.006238460540771484
0.002211332321166992
0.0073184967041015625
0.0012233257293701172
0.007492780685424805
0.005530595779418945
0.0024423599243164062
0.018335342407226562
0.004656791687011719
0.0018239021301269531
0.0034911632537841797
0.007272481918334961
0.006531953811645508
0.0030701160430908203
0.0032804012298583984
0.0015783309936523438
7.152557373046875e-07
0.004140377044677734
0.0050811767578125
0.0010237693786621094
0.0007803440093994141
0.00482630729675293
0.008524179458618164
0.002227783203125
9.5367431640625e-07
0.004302978515625
0.0036118030548095703
0.0008459091186523438
0.0051021575927734375
0.0037353038787841797
0.0015010833740234375
0.0041239261627197266
0.0044515132904052734
0.0027360916137695312
0.0010957717895507812
0.001714468002319336
0.004233121871948242
0.01464080810546875
0.005591869354248047
0.004830360412597656
0.005064249038696289
0.003020763397216797
0.0012798309326171875
0.0018792152404785156
0.004282951354980469
0.0036232471466064453
0.006375789642333984
0.0010807514190673828
0.004389286041259766
0.0020732879638671875
0.003101348876953125
1.1920928955078125e-06
0.0015969276428222656
0.003201007843017578
0.004282474517822266
0.0012547969818115234
0.0007245540618896484
0.0012714862823486328
0.012754440307617188
0.0010159015655517578
0.003831624984741211
0.0035657882690429688
0.004132270812988281
0.015332221984863281
0.0026476383209228516
0.010202407836914062
0.004998683929443359
0.006094455718994141
0.003098726272583008
0.0051975250244140625
0.0015223026275634766
0.004652738571166992
0.0020639896392822266
0.0020475387573242188
7.152557373046875e-07
0.004605770111083984
0.002622842788696289
0.004031658172607422
0.016604185104370117
0.0010411739349365234
0.0020203590393066406
1.1920928955078125e-06
0.002475738525390625
0.006764888763427734
0.004477500915527344
0.005136251449584961
0.0016148090362548828
0.005100250244140625
0.0017321109771728516
0.005093574523925781
0.001329660415649414
0.0045511722564697266
0.0006275177001953125
0.0037567615509033203
0.0009202957153320312
0.004108905792236328
0.0023920536041259766
0.0009131431579589844
0.005261421203613281
0.0014812946319580078
0.0008416175842285156
0.003171205520629883
0.0023941993713378906
1.1920928955078125e-06
0.004669666290283203
0.004050016403198242
0.004300355911254883
0.0024864673614501953
0.0042743682861328125
0.0025930404663085938
0.00296783447265625
0.0030319690704345703
0.002146005630493164
0.00499415397644043
0.0013585090637207031
0.003925323486328125
0.0004520416259765625
0.003484964370727539
0.0017559528350830078
0.01071786880493164
0.0025386810302734375
0.004355430603027344
0.003528118133544922
0.0035407543182373047
0.003961324691772461
0.005041599273681641
1.1920928955078125e-06
0.0008270740509033203
0.00400233268737793
0.004307985305786133
0.0021898746490478516
0.0015900135040283203
0.004781961441040039
0.0007793903350830078
0.004296302795410156
0.0023887157440185547
0.003217935562133789
0.013672590255737305
0.02617192268371582
0.004164695739746094
0.010080099105834961
0.004723787307739258
1.1920928955078125e-06
0.0021157264709472656
0.005467414855957031
0.0018203258514404297
0.00503849983215332
0.002236604690551758
0.004159212112426758
0.002534627914428711
0.0005321502685546875
0.0019681453704833984
0.0007290840148925781
0.004566192626953125
0.0015845298767089844
0.0029754638671875
0.0005939006805419922
0.00498199462890625
3.0994415283203125e-06
0.006445884704589844
0.002643585205078125
0.007332563400268555
0.0011785030364990234
0.0013606548309326172
0.005428314208984375
0.0025577545166015625
0.004566669464111328
0.004743814468383789
0.002324819564819336
0.0024678707122802734
0.0036842823028564453
0.0015137195587158203
0.0005123615264892578
0.0006003379821777344
0.0007340908050537109
0.0053920745849609375
0.0035970211029052734
0.002019643783569336
0.004109859466552734
0.002778291702270508
1.1920928955078125e-06
0.006539821624755859
0.006949901580810547
0.003418445587158203
0.0009424686431884766
0.004357576370239258
0.0057697296142578125
0.0037145614624023438
0.0041828155517578125
0.0018346309661865234
0.0004634857177734375
0.002374887466430664
0.0018031597137451172
0.004502534866333008
0.0006847381591796875
0.0034322738647460938
0.003744840621948242
0.0026998519897460938
1.0013580322265625e-05
0.0018804073333740234
0.007452249526977539
0.014765739440917969
0.0027801990509033203
0.0033833980560302734
0.0005664825439453125
0.0033736228942871094
0.0027642250061035156
0.0007715225219726562
0.004179239273071289
0.0013096332550048828
0.005170345306396484
0.002763509750366211
0.0025339126586914062
0.0015192031860351562
0.003817319869995117
0.0013799667358398438
0.00445866584777832
0.0027108192443847656
0.003763914108276367
0.0009164810180664062
1.6689300537109375e-06
0.0033485889434814453
0.00534820556640625
0.0064160823822021484
0.0025060176849365234
0.004852294921875
0.006508350372314453
0.004795074462890625
0.0041463375091552734
0.005537748336791992
0.0012640953063964844
0.001961231231689453
0.0009751319885253906
0.002947092056274414
0.003984689712524414
0.0008745193481445312
0.004202127456665039
0.006846904754638672
0.003019571304321289
0.0067138671875
0.004545927047729492
0.0032873153686523438
0.0057218074798583984
0.003161907196044922
0.002295970916748047
0.011833429336547852
0.005681753158569336
0.005118608474731445
9.5367431640625e-07
0.0031020641326904297
0.001859426498413086
0.0015218257904052734
0.0030412673950195312
0.0031766891479492188
0.0012662410736083984
0.0004787445068359375
0.00425410270690918
0.0037207603454589844
0.0008149147033691406
0.0004544258117675781
0.0029883384704589844
0.003716707229614258
0.0009219646453857422
0.002095937728881836
0.00435948371887207
0.005269765853881836
0.00978398323059082
0.004060983657836914
0.0028557777404785156
4.76837158203125e-07
0.0015957355499267578
0.003664731979370117
0.004914283752441406
0.0007295608520507812
0.0039052963256835938
0.006056308746337891
0.0021457672119140625
