0.06321525573730469
0.0005517005920410156
0.00037980079650878906
0.002222776412963867
0.0038771629333496094
0.07053637504577637
0.005514860153198242
0.005319833755493164
0.0012276172637939453
0.003778696060180664
0.004545450210571289
0.003410816192626953
0.004480838775634766
0.000965118408203125
0.0007927417755126953
1.1920928955078125e-06
0.07781457901000977
0.001325368881225586
0.001811981201171875
0.0037224292755126953
0.004009246826171875
0.004894256591796875
0.0058422088623046875
0.005375385284423828
0.002572298049926758
0.04235434532165527
0.0005490779876708984
0.0013620853424072266
0.00036144256591796875
0.0033304691314697266
0.002170085906982422
0.0026161670684814453
9.5367431640625e-07
0.001895904541015625
0.0029871463775634766
0.001554727554321289
0.0029153823852539062
0.0019328594207763672
0.00047659873962402344
0.0047686100006103516
0.023004770278930664
0.0035758018493652344
0.005536079406738281
0.0024521350860595703
0.005311727523803711
0.0010154247283935547
0.0004820823669433594
1.1920928955078125e-06
0.006162405014038086
0.003675222396850586
0.006815433502197266
0.0035698413848876953
0.0015990734100341797
0.0018491744995117188
0.0012965202331542969
0.0024137496948242188
0.0037801265716552734
0.0044269561767578125
0.0005099773406982422
0.0035305023193359375
0.0026216506958007812
0.0029191970825195312
0.003366231918334961
0.0030794143676757812
2.384185791015625e-06
0.0012440681457519531
0.006476402282714844
0.0009927749633789062
0.0007421970367431641
0.0027246475219726562
0.006117343902587891
0.004078388214111328
0.0030367374420166016
0.001489400863647461
0.002864837646484375
0.0035474300384521484
0.0012836456298828125
0.0006761550903320312
0.004144430160522461
0.004311561584472656
0.0044863224029541016
0.00496673583984375
0.003298044204711914
0.0014269351959228516
3.814697265625e-06
0.0007402896881103516
0.001169443130493164
0.0025212764739990234
0.0052449703216552734
0.0009706020355224609
0.0051920413970947266
0.0028557777404785156
0.0034623146057128906
0.005311250686645508
0.003328561782836914
0.005188465118408203
0.003915309906005859
0.005560159683227539
0.0011882781982421875
0.002203226089477539
2.6226043701171875e-06
0.02320551872253418
0.0034737586975097656
0.007323741912841797
0.0034284591674804688
0.0037941932678222656
0.006513118743896484
0.0009920597076416016
0.0012063980102539062
0.003757953643798828
0.004650592803955078
0.0016200542449951172
0.0005865097045898438
0.003931283950805664
0.0031366348266601562
0.0008540153503417969
0.0021927356719970703
0.005163908004760742
0.00044727325439453125
0.0013189315795898438
0.0014743804931640625
0.009670019149780273
0.002619504928588867
0.008793354034423828
0.005530357360839844
0.0017876625061035156
0.0015637874603271484
0.0013811588287353516
0.0022101402282714844
0.0036330223083496094
0.007660388946533203
0.0027914047241210938
0.003917694091796875
7.152557373046875e-07
0.001737356185913086
0.0005209445953369141
0.003676176071166992
0.0045168399810791016
0.0047359466552734375
0.0037429332733154297
0.005964756011962891
0.0015933513641357422
0.0006418228149414062
0.003435373306274414
0.0009944438934326172
0.0032663345336914062
1.6689300537109375e-06
0.0021910667419433594
0.0033206939697265625
0.013721227645874023
0.002725839614868164
0.0020279884338378906
0.004990816116333008
0.00464630126953125
0.0025784969329833984
0.004000663757324219
0.0049631595611572266
0.0019502639770507812
0.002841472625732422
0.004469394683837891
0.0014324188232421875
0.003592967987060547
0.0010406970977783203
0.0041005611419677734
0.001903533935546875
0.0037546157836914062
0.0016057491302490234
0.007189512252807617
1.430511474609375e-06
0.0021593570709228516
0.0017101764678955078
0.0015721321105957031
0.0030639171600341797
0.0049877166748046875
0.004488229751586914
0.0027904510498046875
0.0022296905517578125
0.0006895065307617188
0.004060268402099609
0.004462480545043945
0.002030611038208008
0.0024476051330566406
0.0016062259674072266
0.004929065704345703
0.005011081695556641
1.1920928955078125e-06
0.0034623146057128906
0.003987789154052734
0.0042684078216552734
0.0036263465881347656
0.004006147384643555
0.0049436092376708984
0.005433082580566406
0.0013113021850585938
0.006283283233642578
0.005185365676879883
0.0019016265869140625
0.0009205341339111328
0.004700183868408203
0.002920866012573242
0.0012569427490234375
0.005608558654785156
0.005522012710571289
0.0005435943603515625
0.0021839141845703125
0.003921985626220703
0.0011606216430664062
0.0035600662231445312
4.76837158203125e-07
0.004454851150512695
0.002912282943725586
0.001804351806640625
0.0015010833740234375
0.004121541976928711
0.004560947418212891
0.0038018226623535156
0.0015301704406738281
0.004598855972290039
0.0006916522979736328
0.0024542808532714844
0.0008268356323242188
0.0008320808410644531
0.0018463134765625
0.0032231807708740234
0.004134416580200195
1.6689300537109375e-06
0.004568338394165039
0.002849102020263672
0.0035309791564941406
0.0037012100219726562
0.007358074188232422
0.00628209114074707
0.0011851787567138672
0.0020422935485839844
0.0060617923736572266
0.001180887222290039
0.005759477615356445
0.006623268127441406
0.0021119117736816406
0.0027027130126953125
0.003232240676879883
0.0029859542846679688
0.0037980079650878906
0.004778385162353516
0.006527900695800781
0.011466503143310547
1.430511474609375e-06
0.004739284515380859
0.007253885269165039
0.003451824188232422
0.0034787654876708984
0.005420207977294922
0.003084421157836914
0.0013928413391113281
0.003733396530151367
0.0007436275482177734
0.00042819976806640625
0.0004372596740722656
0.0019087791442871094
0.004303455352783203
0.0010936260223388672
0.020331144332885742
0.005744457244873047
0.017070770263671875
1.9073486328125e-06
0.0061626434326171875
0.002520322799682617
0.003803730010986328
0.0034377574920654297
0.006793022155761719
0.003091573715209961
0.004476785659790039
0.0018095970153808594
0.0006825923919677734
0.0004057884216308594
0.003997325897216797
0.0015194416046142578
0.005065441131591797
0.0024003982543945312
0.0011966228485107422
0.0017971992492675781
0.012247323989868164
0.004035234451293945
0.0012669563293457031
0.02426457405090332
0.004794597625732422
0.0072040557861328125
0.003871440887451172
0.006395578384399414
0.0050089359283447266
0.0010645389556884766
0.0054209232330322266
0.0030028820037841797
9.5367431640625e-07
0.00127410888671875
0.001870870590209961
0.0025811195373535156
0.0008516311645507812
0.006256103515625
0.002446889877319336
0.0005919933319091797
0.003735780715942383
0.0007300376892089844
0.003679037094116211
0.0018646717071533203
0.00279998779296875
0.003252744674682617
1.430511474609375e-06
0.002119302749633789
0.0035719871520996094
0.006517887115478516
0.006454944610595703
0.006440877914428711
0.003119230270385742
0.0045812129974365234
0.0005588531494140625
0.0016169548034667969
0.004862785339355469
0.0008578300476074219
0.0030574798583984375
0.0010347366333007812
0.0013914108276367188
0.005621910095214844
0.005331754684448242
0.0022644996643066406
0.0028166770935058594
0.0025823116302490234
0.003737926483154297
0.0069501399993896484
0.009773492813110352
1.1920928955078125e-06
0.0068874359130859375
0.004992008209228516
0.005126476287841797
0.0008606910705566406
0.006482124328613281
0.0015544891357421875
0.00054931640625
0.0026862621307373047
0.0023124217987060547
0.0007543563842773438
0.003314495086669922
0.0018033981323242188
0.0006566047668457031
0.004217863082885742
2.1457672119140625e-06
0.0036215782165527344
0.0040721893310546875
0.0012257099151611328
0.0033516883850097656
0.0012843608856201172
0.002709627151489258
0.0043792724609375
0.0038504600524902344
0.0013611316680908203
0.0039196014404296875
0.00484156608581543
0.0025713443756103516
0.0010673999786376953
0.004472255706787109
0.012069463729858398
0.0010461807250976562
0.004536628723144531
0.003650665283203125
0.004834175109863281
0.002342700958251953
0.008729934692382812
0.0013427734375
0.0012273788452148438
0.006161212921142578
0.0036427974700927734
0.0019903182983398438
7.152557373046875e-07
0.004628658294677734
0.001565694808959961
0.0006191730499267578
0.00494384765625
0.0026183128356933594
0.003887176513671875
0.0011594295501708984
0.005661487579345703
0.0014700889587402344
0.001215219497680664
3.814697265625e-06
0.0057370662689208984
0.0063211917877197266
0.0008139610290527344
0.003778219223022461
0.0017461776733398438
0.0052051544189453125
0.0035943984985351562
0.0022809505462646484
0.003965139389038086
0.0021491050720214844
0.0011589527130126953
0.0021636486053466797
0.0035822391510009766
0.0013136863708496094
0.004723787307739258
0.0024509429931640625
2.86102294921875e-06
0.0023658275604248047
0.006537437438964844
0.0008749961853027344
0.03366565704345703
0.0015211105346679688
0.003436565399169922
0.0025529861450195312
0.0007464885711669922
0.0006768703460693359
0.001748800277709961
0.004094839096069336
0.00406956672668457
0.002474069595336914
0.0027616024017333984
0.0015873908996582031
0.00535273551940918
0.0015149116516113281
0.0036361217498779297
0.0027985572814941406
0.002531290054321289
0.012072563171386719
0.0013294219970703125
0.023380756378173828
0.0054454803466796875
0.00125885009765625
0.00392603874206543
0.001743316650390625
0.0047130584716796875
0.005669593811035156
0.002464771270751953
0.004487514495849609
0.002112150192260742
7.152557373046875e-07
0.002232789993286133
0.0036597251892089844
0.0023784637451171875
0.0006923675537109375
0.0026547908782958984
0.0005934238433837891
0.0053408145904541016
0.0011069774627685547
0.001989126205444336
0.002321481704711914
0.000827789306640625
5.245208740234375e-06
0.004767179489135742
0.00570368766784668
0.003482818603515625
0.0044116973876953125
0.0041768550872802734
0.004755496978759766
0.004593849182128906
0.0005538463592529297
0.0013360977172851562
0.002745389938354492
0.004537343978881836
0.0007963180541992188
0.0019919872283935547
0.0038814544677734375
0.002969980239868164
0.003555774688720703
0.004122495651245117
0.0007789134979248047
0.0008685588836669922
0.0028264522552490234
0.005101442337036133
0.002737283706665039
0.003396272659301758
9.5367431640625e-07
0.004262208938598633
0.0028285980224609375
0.004753589630126953
0.0015473365783691406
0.004235982894897461
0.0004954338073730469
0.0035583972930908203
0.0007028579711914062
0.0018601417541503906
0.004220247268676758
0.003052949905395508
0.013734102249145508
0.0027146339416503906
0.002539396286010742
0.006747245788574219
0.00465083122253418
1.430511474609375e-06
0.0009143352508544922
0.006428241729736328
0.0018475055694580078
0.004839658737182617
0.004910469055175781
0.0024955272674560547
0.0046346187591552734
0.00047397613525390625
0.002623319625854492
0.0005545616149902344
0.0026547908782958984
0.0013451576232910156
0.0038526058197021484
0.0021483898162841797
0.0044786930084228516
0.001447439193725586
0.006813764572143555
0.0012021064758300781
0.028688669204711914
0.004156827926635742
0.0029799938201904297
1.430511474609375e-06
0.00554656982421875
0.004378080368041992
0.0041980743408203125
0.0010063648223876953
0.0031287670135498047
0.001150369644165039
0.0041043758392333984
0.0007197856903076172
0.0017962455749511719
0.001573801040649414
0.002502918243408203
0.005767822265625
0.008535623550415039
0.0029158592224121094
0.0015387535095214844
0.0037827491760253906
0.004801034927368164
0.003140687942504883
0.0014307498931884766
1.9073486328125e-06
0.006290435791015625
0.0024216175079345703
0.005593776702880859
0.004186153411865234
0.0008695125579833984
0.005140542984008789
0.0026063919067382812
0.003805875778198242
0.0007007122039794922
0.0047223567962646484
0.0012121200561523438
1.430511474609375e-06
0.00173187255859375
0.004203081130981445
0.0037202835083007812
0.0020487308502197266
0.001216888427734375
0.003271818161010742
0.0015747547149658203
0.0008306503295898438
0.0040531158447265625
0.003747701644897461
0.004774808883666992
0.003639698028564453
0.003851175308227539
0.0013899803161621094
0.0006315708160400391
0.0008039474487304688
0.002823352813720703
0.004769802093505859
0.005234718322753906
0.005311012268066406
0.003448963165283203
0.0018088817596435547
0.007424116134643555
0.0042459964752197266
0.003773927688598633
0.00964212417602539
0.004731178283691406
0.002371549606323242
0.005312442779541016
0.0036411285400390625
0.004774570465087891
0.0011436939239501953
9.5367431640625e-07
0.001783609390258789
0.002207517623901367
0.0006711483001708984
0.0006520748138427734
0.002855539321899414
0.005220651626586914
0.007136344909667969
0.005744218826293945
0.0011241436004638672
0.001733541488647461
0.0014019012451171875
0.0010826587677001953
0.007695674896240234
0.004713535308837891
0.005260944366455078
0.003582477569580078
0.004283428192138672
0.0034863948822021484
0.0013349056243896484
0.0029222965240478516
0.004454612731933594
7.152557373046875e-07
0.004570722579956055
0.0015423297882080078
0.0016384124755859375
0.004128456115722656
0.005636930465698242
0.011109590530395508
0.003828287124633789
0.003294229507446289
0.0012385845184326172
0.011723518371582031
0.002138853073120117
0.004431009292602539
0.004756450653076172
0.0028886795043945312
0.002536296844482422
0.0030257701873779297
0.0036916732788085938
0.005153656005859375
0.003968477249145508
0.003152608871459961
7.152557373046875e-07
0.00045490264892578125
0.004161357879638672
0.0035054683685302734
0.0017104148864746094
0.008231163024902344
0.01935434341430664
0.0006825923919677734
7.152557373046875e-07
0.00179290771484375
0.003892660140991211
0.002231121063232422
0.001996278762817383
0.004257678985595703
0.004156589508056641
0.003214120864868164
0.003343820571899414
0.006142854690551758
0.004151821136474609
0.002775430679321289
0.0004947185516357422
0.004818439483642578
0.0046765804290771484
0.0006005764007568359
0.006704807281494141
0.002475261688232422
0.0017256736755371094
0.005272865295410156
0.002025604248046875
2.6226043701171875e-06
0.0013537406921386719
0.0043795108795166016
0.00249481201171875
0.0050661563873291016
0.0013349056243896484
0.0020394325256347656
0.0056040287017822266
0.000438690185546875
0.0030641555786132812
0.004508018493652344
0.002439737319946289
0.0040705204010009766
0.002471446990966797
0.004325151443481445
0.0007035732269287109
0.000911712646484375
0.005490779876708984
0.002085447311401367
0.00464630126953125
4.291534423828125e-06
0.012623786926269531
0.004591464996337891
0.003926277160644531
0.002982616424560547
0.00634455680847168
0.0018384456634521484
0.004510164260864258
0.004132509231567383
0.0006427764892578125
0.004732608795166016
0.00115203857421875
0.002490997314453125
0.0016455650329589844
0.004376888275146484
0.0038962364196777344
0.0025904178619384766
0.0017871856689453125
0.013584136962890625
0.005137920379638672
0.0016071796417236328
0.0011641979217529297
0.005614042282104492
0.0024154186248779297
0.0015995502471923828
0.004675626754760742
0.004857301712036133
0.0032274723052978516
0.0060405731201171875
0.0015559196472167969
0.003949880599975586
1.1920928955078125e-06
0.004635810852050781
0.0018453598022460938
0.004930019378662109
9.5367431640625e-07
0.001779794692993164
0.0035676956176757812
0.0022068023681640625
0.0017883777618408203
0.0015981197357177734
0.004125356674194336
0.0012090206146240234
0.0029418468475341797
0.006769895553588867
0.002819538116455078
0.0019261837005615234
0.004819393157958984
0.005690813064575195
0.004604339599609375
0.005570888519287109
0.005505084991455078
0.004033565521240234
0.0038080215454101562
0.0021686553955078125
0.006035566329956055
0.012678146362304688
0.005262613296508789
0.0033423900604248047
0.004695415496826172
0.005324363708496094
0.0011146068572998047
0.002591848373413086
0.0031287670135498047
0.0013244152069091797
0.002496004104614258
7.152557373046875e-07
0.0004913806915283203
0.003545045852661133
0.001505136489868164
0.004626274108886719
0.0005309581756591797
0.0024330615997314453
0.0029065608978271484
0.0013709068298339844
0.0067272186279296875
3.5762786865234375e-06
0.00867605209350586
0.00226593017578125
0.011773824691772461
0.004723072052001953
0.0058116912841796875
0.0012793540954589844
0.0019054412841796875
0.002987384796142578
0.0010962486267089844
0.0043849945068359375
0.004098653793334961
0.001631021499633789
0.0034928321838378906
0.0009009838104248047
0.00330352783203125
0.0027358531951904297
0.004613161087036133
0.0005385875701904297
0.004380702972412109
2.6226043701171875e-06
0.0009746551513671875
0.002568960189819336
0.009026765823364258
0.005596637725830078
0.0036499500274658203
0.00334930419921875
0.004512310028076172
0.009515523910522461
0.0016815662384033203
0.0015687942504882812
0.00549769401550293
0.0019001960754394531
0.0029785633087158203
0.0040929317474365234
0.0009770393371582031
0.004673480987548828
0.0004608631134033203
0.0022878646850585938
0.00400853157043457
0.0017387866973876953
0.0022764205932617188
4.76837158203125e-07
0.0035943984985351562
0.030768156051635742
0.001462697982788086
0.0031795501708984375
0.004660844802856445
0.005217313766479492
0.0009298324584960938
0.004536151885986328
0.004041910171508789
0.004677534103393555
0.004683732986450195
0.0024831295013427734
0.00064849853515625
0.005120277404785156
0.0012183189392089844
0.0024216175079345703
0.0008833408355712891
0.0010457038879394531
0.003509521484375
0.0033829212188720703
0.0010597705841064453
0.005326271057128906
0.0027108192443847656
0.008620977401733398
1.430511474609375e-06
0.004132986068725586
0.0008258819580078125
0.0017795562744140625
0.004343986511230469
0.003934383392333984
0.005553483963012695
0.0024361610412597656
0.0017986297607421875
0.004434823989868164
0.0020051002502441406
0.003354787826538086
0.006032705307006836
0.0008757114410400391
0.004128217697143555
0.0008089542388916016
0.005875349044799805
0.004705905914306641
0.002143383026123047
0.011998653411865234
0.010476827621459961
0.008243322372436523
0.007414102554321289
0.003047943115234375
0.0007483959197998047
9.5367431640625e-07
0.0015790462493896484
0.005511283874511719
0.004867076873779297
0.0014984607696533203
0.0006148815155029297
0.004671573638916016
0.003367900848388672
0.0030641555786132812
0.021240711212158203
0.0032355785369873047
0.0016050338745117188
0.005295276641845703
0.004380941390991211
0.004192829132080078
0.004615306854248047
0.003709554672241211
9.5367431640625e-07
0.0015757083892822266
0.004990577697753906
0.0009570121765136719
0.005953550338745117
0.0026929378509521484
0.0006279945373535156
0.0014643669128417969
0.0009682178497314453
0.0047261714935302734
0.016432523727416992
0.003604412078857422
0.005682229995727539
0.00296783447265625
0.004942893981933594
0.0014331340789794922
9.5367431640625e-07
0.0018227100372314453
0.0012392997741699219
0.004563093185424805
0.001302480697631836
0.0030879974365234375
0.004118680953979492
0.0004467964172363281
0.00160980224609375
0.0005631446838378906
0.002682924270629883
0.0050144195556640625
0.004045248031616211
0.0016825199127197266
0.0011358261108398438
0.005698204040527344
0.005623340606689453
0.0022313594818115234
0.0024595260620117188
0.0035865306854248047
0.004366636276245117
0.0020742416381835938
1.1920928955078125e-06
0.003740072250366211
0.0020923614501953125
0.0011112689971923828
0.004807710647583008
0.0041065216064453125
0.0037724971771240234
0.004609584808349609
0.004054546356201172
0.001575469970703125
0.0007238388061523438
0.002706766128540039
0.0025970935821533203
0.004984378814697266
0.001056671142578125
0.004199504852294922
0.0008099079132080078
0.00909423828125
0.006179332733154297
0.004344463348388672
0.006323337554931641
0.002780437469482422
0.002927064895629883
0.001980304718017578
0.004724025726318359
0.0028030872344970703
0.00450897216796875
0.0027472972869873047
0.001071929931640625
7.152557373046875e-07
0.0006971359252929688
0.0005102157592773438
0.002846956253051758
0.01292729377746582
0.0024344921112060547
0.0029251575469970703
0.0036466121673583984
7.152557373046875e-07
0.0013186931610107422
0.0014996528625488281
0.0036270618438720703
0.0044972896575927734
0.0050280094146728516
0.002396106719970703
0.004471778869628906
0.0009336471557617188
0.00045418739318847656
0.0041196346282958984
0.004197835922241211
0.0044133663177490234
0.002344369888305664
0.0021338462829589844
0.0015878677368164062
0.005206108093261719
0.0064923763275146484
0.003600597381591797
0.004767179489135742
0.005220174789428711
0.0021524429321289062
0.004261016845703125
0.001737356185913086
0.0031363964080810547
0.03194236755371094
0.0013570785522460938
9.5367431640625e-07
0.0009870529174804688
0.0022165775299072266
0.005189180374145508
0.00458836555480957
0.002444028854370117
0.0009152889251708984
0.004187107086181641
0.004808187484741211
0.0024738311767578125
0.005835056304931641
0.0016095638275146484
0.005763053894042969
0.0038259029388427734
0.0013666152954101562
0.0016047954559326172
0.00812387466430664
0.009080648422241211
0.000942230224609375
0.007917642593383789
0.0017733573913574219
7.152557373046875e-07
0.002863168716430664
0.004558086395263672
0.0023920536041259766
0.003999471664428711
0.0018265247344970703
0.002919912338256836
0.005914926528930664
0.0043828487396240234
0.0022339820861816406
1.6689300537109375e-06
0.0005407333374023438
0.0049359798431396484
0.003609895706176758
0.006154060363769531
0.0022945404052734375
0.004683494567871094
0.002216339111328125
0.0037293434143066406
0.0014123916625976562
0.0005068778991699219
0.002788066864013672
0.0023539066314697266
0.005053997039794922
0.0025031566619873047
0.0006525516510009766
0.003996849060058594
0.00683283805847168
0.003780364990234375
0.0015995502471923828
0.0017018318176269531
0.0006184577941894531
0.03860664367675781
0.004459381103515625
0.003297567367553711
0.003099679946899414
0.006593465805053711
0.001986265182495117
1.1920928955078125e-06
0.002637147903442383
0.0046308040618896484
0.0035893917083740234
0.005104780197143555
0.0015337467193603516
0.005192279815673828
0.0031070709228515625
0.0005581378936767578
0.005738019943237305
0.0008487701416015625
0.0028951168060302734
0.004251003265380859
0.0008714199066162109
0.0033941268920898438
0.0074388980865478516
0.0014190673828125
0.0046460628509521484
0.004946708679199219
0.004741668701171875
0.003146648406982422
9.5367431640625e-07
0.005299091339111328
0.0011415481567382812
0.003351449966430664
0.006288051605224609
0.0047855377197265625
0.0016093254089355469
0.003600597381591797
2.1457672119140625e-06
0.0020787715911865234
0.0010645389556884766
0.0039615631103515625
0.013844490051269531
0.005855083465576172
0.00588536262512207
0.005545616149902344
0.0031023025512695312
0.001245260238647461
0.005060911178588867
0.004847526550292969
0.0033333301544189453
0.0005924701690673828
0.0015900135040283203
0.0025739669799804688
0.004600048065185547
0.003979682922363281
0.004618644714355469
0.0028743743896484375
0.003207683563232422
2.1457672119140625e-06
0.0040493011474609375
0.002847909927368164
0.0071713924407958984
0.002608776092529297
0.0007317066192626953
0.0009918212890625
0.0046520233154296875
0.004311800003051758
0.002346515655517578
0.0032896995544433594
0.004574775695800781
0.003612041473388672
0.004171133041381836
0.003827810287475586
0.0004849433898925781
0.0014078617095947266
0.0046234130859375
0.002349376678466797
2.6226043701171875e-06
0.008384943008422852
0.0025320053100585938
0.002572774887084961
0.002874612808227539
0.0017712116241455078
0.0015473365783691406
0.004612445831298828
0.0048220157623291016
0.0005459785461425781
0.0037605762481689453
0.004587888717651367
0.0005347728729248047
0.0038716793060302734
0.005152463912963867
0.003475189208984375
0.004073619842529297
0.002772092819213867
0.003093719482421875
0.0016303062438964844
0.0048007965087890625
0.006171464920043945
0.0067059993743896484
0.0017924308776855469
0.002135038375854492
0.001689910888671875
0.0053424835205078125
0.0006678104400634766
1.6689300537109375e-06
0.0007507801055908203
0.004687070846557617
0.0032210350036621094
0.003680706024169922
0.0033371448516845703
0.0027353763580322266
0.0012934207916259766
0.003930807113647461
0.004624366760253906
0.002901792526245117
0.002858877182006836
0.006572723388671875
0.0258028507232666
0.003104686737060547
1.9073486328125e-06
0.0031900405883789062
0.002047300338745117
0.002558469772338867
0.004105567932128906
0.004239320755004883
0.0041387081146240234
0.0030035972595214844
0.002546072006225586
0.0006804466247558594
0.0033180713653564453
0.0013952255249023438
0.0035240650177001953
0.0003845691680908203
0.004119157791137695
0.00144195556640625
0.0023534297943115234
0.0014824867248535156
0.0017473697662353516
3.337860107421875e-06
0.007866144180297852
0.004297971725463867
0.0028150081634521484
0.00702357292175293
0.0029535293579101562
0.0014488697052001953
0.003911256790161133
0.002830982208251953
0.001604318618774414
0.0014541149139404297
0.003935575485229492
0.002217531204223633
0.0026819705963134766
0.0036280155181884766
0.005307197570800781
0.0044934749603271484
0.0014348030090332031
0.0031867027282714844
0.003793001174926758
0.004582881927490234
0.0068705081939697266
0.003706216812133789
9.5367431640625e-07
0.004831790924072266
0.001069784164428711
0.003397226333618164
0.005022287368774414
0.001735687255859375
0.0023651123046875
0.0008614063262939453
0.007073402404785156
0.0009450912475585938
0.004905223846435547
0.003490924835205078
0.004278421401977539
0.0038263797760009766
0.004649162292480469
0.0021545886993408203
1.1920928955078125e-06
0.0020813941955566406
0.002524137496948242
0.0031125545501708984
0.010592937469482422
0.00482177734375
0.001737356185913086
0.0010864734649658203
0.0063130855560302734
0.0021741390228271484
0.006822824478149414
0.006829977035522461
0.004645109176635742
0.006121158599853516
0.002908468246459961
0.005064249038696289
0.0028977394104003906
0.0049359798431396484
0.0037267208099365234
0.001964569091796875
0.005211353302001953
3.814697265625e-06
0.003785848617553711
0.006921052932739258
0.003469705581665039
0.006261110305786133
0.00511479377746582
0.0005698204040527344
0.002938985824584961
0.003340482711791992
0.004098415374755859
0.003538846969604492
0.0005276203155517578
0.0014247894287109375
0.0040874481201171875
0.0024237632751464844
0.005692005157470703
0.0006387233734130859
0.004251003265380859
1.1920928955078125e-06
0.003348112106323242
0.0015766620635986328
0.003846883773803711
0.0017294883728027344
0.024493932723999023
0.0015382766723632812
0.010654449462890625
0.001184225082397461
0.005528450012207031
0.004124641418457031
0.0017156600952148438
0.005215644836425781
0.00273895263671875
0.0046138763427734375
0.0010313987731933594
0.0034461021423339844
0.004509449005126953
0.003756284713745117
0.00599217414855957
0.00357818603515625
0.0018362998962402344
0.002730131149291992
0.0027952194213867188
0.00485539436340332
1.430511474609375e-06
0.0011243820190429688
0.004243373870849609
0.001192331314086914
0.004570722579956055
0.004196882247924805
0.0059964656829833984
0.0039064884185791016
0.0010988712310791016
0.0058858394622802734
0.0024602413177490234
0.00039577484130859375
0.0014290809631347656
0.004771709442138672
0.005133628845214844
0.0010802745819091797
0.004694223403930664
0.0009660720825195312
0.005739927291870117
0.002134561538696289
0.0019221305847167969
0.003960609436035156
0.0027217864990234375
0.012389183044433594
0.007671833038330078
1.1920928955078125e-06
0.0007576942443847656
0.0037276744842529297
0.005154848098754883
0.0027189254760742188
0.004100799560546875
0.0005898475646972656
0.002556324005126953
0.0014166831970214844
0.003720998764038086
0.0011818408966064453
0.011865377426147461
0.002813577651977539
0.012582778930664062
0.0006299018859863281
0.0038976669311523438
0.004004478454589844
0.002318143844604492
0.0017876625061035156
9.5367431640625e-07
0.0038700103759765625
0.00531768798828125
0.004360675811767578
0.0029897689819335938
0.0039980411529541016
0.0005748271942138672
0.0007023811340332031
0.0035614967346191406
0.0018012523651123047
0.0025360584259033203
4.291534423828125e-06
0.0024127960205078125
0.004441976547241211
0.008675813674926758
0.0044100284576416016
0.0009481906890869141
0.0008630752563476562
0.0011739730834960938
0.006860017776489258
0.0038416385650634766
0.00562596321105957
0.002042055130004883
0.0011839866638183594
0.005177497863769531
0.004498004913330078
0.00436854362487793
0.003992557525634766
0.004422426223754883
0.003131389617919922
0.002984285354614258
0.005917787551879883
0.0052950382232666016
0.0009107589721679688
0.005093097686767578
0.0029244422912597656
0.007505178451538086
0.006313323974609375
0.0009691715240478516
0.0044672489166259766
0.0017998218536376953
0.002749919891357422
0.0033271312713623047
0.0009398460388183594
0.002081632614135742
2.384185791015625e-07
0.0017561912536621094
0.0028564929962158203
0.0012578964233398438
0.004289865493774414
0.004354238510131836
0.00482630729675293
4.5299530029296875e-06
0.0017328262329101562
0.002704143524169922
0.0032830238342285156
0.0050318241119384766
0.00674748420715332
0.005674600601196289
0.005044460296630859
0.0009293556213378906
0.0031135082244873047
0.002631664276123047
0.005083322525024414
0.0005009174346923828
0.003892183303833008
0.001522064208984375
0.0027141571044921875
0.0018110275268554688
0.0013308525085449219
0.003246307373046875
0.004813671112060547
0.0024907588958740234
0.0009789466857910156
0.010135650634765625
0.005141019821166992
0.00580143928527832
0.0019338130950927734
0.005461931228637695
0.001140594482421875
0.004900455474853516
0.0031425952911376953
0.005522251129150391
0.002992868423461914
0.003226757049560547
0.005575418472290039
0.003888368606567383
0.002511262893676758
0.0003814697265625
0.002362489700317383
4.76837158203125e-07
0.0009732246398925781
0.0021696090698242188
0.00453639030456543
0.0034770965576171875
0.000911712646484375
0.006311893463134766
0.003918170928955078
9.5367431640625e-07
0.002719879150390625
0.008151054382324219
0.003949165344238281
0.0046079158782958984
0.003144979476928711
0.005144834518432617
0.0014705657958984375
0.0016345977783203125
0.004675865173339844
0.0043184757232666016
0.0026848316192626953
0.005758523941040039
3.5762786865234375e-06
0.003988981246948242
0.02221369743347168
0.0008985996246337891
0.0074841976165771484
0.005007505416870117
0.0021691322326660156
0.007871389389038086
0.006560325622558594
0.0008604526519775391
0.002504587173461914
0.002103090286254883
0.002638101577758789
0.0029001235961914062
0.003789663314819336
0.0035550594329833984
0.0006608963012695312
0.0008039474487304688
0.002104043960571289
0.0036296844482421875
0.005267620086669922
0.0028896331787109375
2.384185791015625e-06
0.004690647125244141
0.005807399749755859
0.005837440490722656
0.0022361278533935547
0.0059909820556640625
0.001028299331665039
0.005249977111816406
0.004261970520019531
0.0012845993041992188
0.0050182342529296875
0.0008237361907958984
0.0007295608520507812
0.003655672073364258
0.0029060840606689453
0.001546621322631836
0.002394437789916992
0.003953695297241211
0.00801849365234375
0.0021657943725585938
0.0008730888366699219
0.0032138824462890625
0.004998207092285156
7.152557373046875e-07
0.003451108932495117
0.0022149085998535156
0.0023794174194335938
0.006758928298950195
0.00483250617980957
0.0006763935089111328
0.0019447803497314453
0.004149436950683594
0.0013773441314697266
0.002630949020385742
0.0005578994750976562
0.004229545593261719
0.0028820037841796875
0.0006334781646728516
0.005881547927856445
1.6689300537109375e-06
0.005074739456176758
0.002428770065307617
0.005234241485595703
0.003077983856201172
0.004136800765991211
0.004023551940917969
0.0061342716217041016
0.003958702087402344
0.0026679039001464844
0.0029039382934570312
0.0010826587677001953
0.0014238357543945312
0.003919363021850586
0.0020678043365478516
0.0005068778991699219
0.002412080764770508
0.0006792545318603516
0.00041103363037109375
0.0012395381927490234
0.004476308822631836
0.011854410171508789
0.006154298782348633
0.0014770030975341797
0.009697198867797852
0.0017366409301757812
0.005815029144287109
0.003643035888671875
0.002107381820678711
7.152557373046875e-07
0.0011925697326660156
0.0009140968322753906
0.004599332809448242
0.0017888545989990234
0.002526998519897461
0.00356292724609375
0.0029375553131103516
0.0014548301696777344
0.004956483840942383
0.03749990463256836
2.1457672119140625e-06
0.0037221908569335938
0.0045735836029052734
0.010356903076171875
0.00315093994140625
0.001299142837524414
0.0021331310272216797
0.006188392639160156
0.0027947425842285156
0.0019252300262451172
0.0007545948028564453
0.004150390625
0.004003286361694336
0.0045206546783447266
0.002964496612548828
0.001361846923828125
0.0016994476318359375
0.0005941390991210938
0.003107786178588867
0.002816915512084961
0.0036339759826660156
0.010150909423828125
0.013026237487792969
0.002718210220336914
0.0010528564453125
7.152557373046875e-07
0.0020034313201904297
0.004846096038818359
0.003099679946899414
0.0021560192108154297
0.0032927989959716797
0.0006554126739501953
0.0042684078216552734
0.003855466842651367
0.00048232078552246094
0.0005080699920654297
0.0037925243377685547
0.004618406295776367
0.005356788635253906
0.0016803741455078125
0.012278556823730469
0.003645181655883789
0.001051187515258789
0.0016551017761230469
0.0026197433471679688
0.012664556503295898
0.006543874740600586
0.006508350372314453
0.003392934799194336
0.00417637825012207
2.86102294921875e-06
0.0024204254150390625
0.0017423629760742188
0.004041433334350586
0.0027878284454345703
0.004257678985595703
0.001371145248413086
0.0004899501800537109
0.0025894641876220703
0.00501561164855957
0.004988431930541992
0.003504514694213867
0.022280216217041016
0.0011072158813476562
1.6689300537109375e-06
0.004311800003051758
0.0017392635345458984
0.005299806594848633
0.0028519630432128906
0.005140542984008789
0.006262302398681641
0.002760648727416992
0.0011794567108154297
0.0015001296997070312
0.0040836334228515625
0.0014624595642089844
0.0026040077209472656
0.0005533695220947266
0.0039598941802978516
0.0013306140899658203
0.0009944438934326172
0.0052378177642822266
0.0019843578338623047
0.00422358512878418
0.006354808807373047
0.0040166378021240234
0.007445335388183594
0.001798391342163086
0.004190206527709961
0.0013005733489990234
0.003708362579345703
0.008960723876953125
0.0012710094451904297
0.003186464309692383
0.002529621124267578
0.003075122833251953
0.0011677742004394531
4.76837158203125e-07
0.004424095153808594
0.0009198188781738281
0.006303071975708008
0.0033066272735595703
0.006179332733154297
0.0014216899871826172
0.00731205940246582
0.002815723419189453
0.0008904933929443359
0.0026361942291259766
0.004821062088012695
0.006237506866455078
0.0031778812408447266
1.430511474609375e-06
0.005793333053588867
0.0028121471405029297
0.001474618911743164
0.0016050338745117188
0.000720977783203125
0.002907276153564453
0.003761768341064453
0.0013806819915771484
0.0066144466400146484
0.0010106563568115234
0.0021886825561523438
0.005295515060424805
0.005774497985839844
0.0043299198150634766
0.008007287979125977
0.0035774707794189453
7.152557373046875e-07
0.006683826446533203
0.005639791488647461
0.005772590637207031
0.004468202590942383
0.0029952526092529297
0.0013756752014160156
0.0022096633911132812
0.0050449371337890625
0.003068685531616211
0.0008306503295898438
0.0031065940856933594
0.001238107681274414
0.0031173229217529297
0.005784034729003906
0.004299640655517578
0.0005385875701904297
0.005423545837402344
1.1920928955078125e-06
0.0016841888427734375
0.012793540954589844
0.0010194778442382812
0.0018584728240966797
0.0041961669921875
0.0012805461883544922
0.0024738311767578125
0.0021724700927734375
0.005357503890991211
0.00429534912109375
0.002836942672729492
0.004324436187744141
0.004020214080810547
0.0036993026733398438
6.9141387939453125e-06
0.0025000572204589844
0.0013725757598876953
0.016686201095581055
0.0036382675170898438
0.003526449203491211
0.0026466846466064453
0.0049555301666259766
0.00115966796875
0.001474142074584961
0.0008194446563720703
0.005834817886352539
0.0036118030548095703
0.002459287643432617
0.0018320083618164062
0.004128694534301758
0.005221843719482422
0.00490880012512207
0.0016188621520996094
0.0007624626159667969
0.0034186840057373047
0.0052835941314697266
0.004182100296020508
0.00092315673828125
0.0032203197479248047
0.006342411041259766
0.0060253143310546875
0.004944324493408203
0.005234956741333008
0.008792877197265625
0.0027456283569335938
0.0013852119445800781
4.76837158203125e-07
0.004750967025756836
0.003951311111450195
0.0031499862670898438
0.0006270408630371094
0.004545927047729492
0.00429987907409668
0.0016961097717285156
0.002470254898071289
0.0012521743774414062
0.0042803287506103516
0.006159305572509766
0.0032393932342529297
0.007477760314941406
0.02010941505432129
0.0032901763916015625
0.008410453796386719
1.430511474609375e-06
0.002870321273803711
0.004487276077270508
0.0033004283905029297
0.0016398429870605469
0.00447845458984375
0.001360177993774414
0.0007994174957275391
0.0027976036071777344
0.004021167755126953
0.0027959346771240234
0.004732370376586914
0.0013484954833984375
9.059906005859375e-06
0.0019431114196777344
0.00588679313659668
0.019889116287231445
0.0016820430755615234
0.004327535629272461
0.0025415420532226562
0.0034732818603515625
0.0044214725494384766
0.0014145374298095703
0.004338741302490234
0.0016376972198486328
0.0027904510498046875
0.004077434539794922
0.003774881362915039
0.0023758411407470703
0.0013103485107421875
0.005889177322387695
0.0059337615966796875
0.0020890235900878906
0.0007822513580322266
0.0031816959381103516
0.0016160011291503906
0.004537343978881836
0.0042269229888916016
0.0017139911651611328
0.004878520965576172
1.430511474609375e-06
0.005211353302001953
0.005959272384643555
0.0026979446411132812
0.0010707378387451172
0.006825685501098633
0.007096052169799805
0.004583597183227539
0.003187417984008789
0.001420736312866211
0.005062103271484375
0.0023703575134277344
0.0036263465881347656
0.0009791851043701172
0.007166147232055664
0.004266023635864258
0.0037107467651367188
0.0045337677001953125
0.0054302215576171875
0.004389286041259766
1.6689300537109375e-06
0.004149436950683594
0.0007088184356689453
0.00048613548278808594
0.0042285919189453125
0.00464940071105957
0.002627134323120117
0.0041811466217041016
0.0012140274047851562
0.0037963390350341797
0.0029528141021728516
0.0016639232635498047
0.0015976428985595703
0.006484031677246094
1.1920928955078125e-06
0.004660606384277344
0.0026841163635253906
0.003098726272583008
0.0020401477813720703
0.0077626705169677734
0.0007824897766113281
0.00516057014465332
0.004643678665161133
0.0009982585906982422
0.003751516342163086
0.0024597644805908203
0.0057888031005859375
0.0030448436737060547
0.0051157474517822266
0.007523775100708008
0.006681680679321289
0.004372835159301758
0.002512216567993164
0.006529569625854492
0.003973245620727539
0.0018000602722167969
0.001346588134765625
0.0052890777587890625
0.0009636878967285156
9.5367431640625e-07
0.002218008041381836
0.0026717185974121094
0.002135038375854492
0.005517721176147461
0.0029854774475097656
0.004262447357177734
0.0016300678253173828
0.0045528411865234375
0.005583524703979492
0.0072574615478515625
0.004448413848876953
0.005698442459106445
0.004024982452392578
0.006078004837036133
1.1920928955078125e-06
0.00747990608215332
0.004402637481689453
0.0010271072387695312
0.0044863224029541016
0.004026889801025391
0.0035974979400634766
0.0032470226287841797
0.0016925334930419922
0.002139568328857422
0.0007944107055664062
0.0008265972137451172
0.002335786819458008
0.0019023418426513672
0.004619121551513672
0.005057096481323242
1.6689300537109375e-06
0.009951591491699219
0.0015511512756347656
0.002344369888305664
0.000885009765625
0.0025331974029541016
0.004221200942993164
0.004200458526611328
0.0010385513305664062
0.001173257827758789
0.004393577575683594
0.0030236244201660156
0.0014286041259765625
0.002566099166870117
0.002553701400756836
0.001161336898803711
0.0015041828155517578
0.004492282867431641
0.004523754119873047
0.005091190338134766
0.002168416976928711
0.002333402633666992
0.004675626754760742
0.0009565353393554688
0.0027511119842529297
0.0037059783935546875
0.004392385482788086
0.0033364295959472656
1.6689300537109375e-06
0.0014274120330810547
0.006639003753662109
0.002772092819213867
0.003597259521484375
0.004292488098144531
0.00042724609375
0.003966569900512695
0.0015692710876464844
0.00490117073059082
0.0039556026458740234
0.0024900436401367188
0.005670070648193359
0.005426645278930664
0.0051648616790771484
0.0031676292419433594
0.002090930938720703
0.010457992553710938
0.001870870590209961
0.005083799362182617
0.0011866092681884766
9.5367431640625e-07
0.004399299621582031
0.0011546611785888672
0.0049037933349609375
0.003823518753051758
0.0008075237274169922
0.001722097396850586
0.003818511962890625
0.004327535629272461
0.001375436782836914
0.006934404373168945
0.0049860477447509766
0.002518177032470703
0.015094280242919922
0.013196706771850586
0.0010058879852294922
1.1920928955078125e-06
0.0022878646850585938
0.005816221237182617
0.0026237964630126953
0.001270294189453125
0.0004925727844238281
0.0029463768005371094
0.0027284622192382812
0.0006372928619384766
0.002624988555908203
0.0023889541625976562
0.003831148147583008
0.0013935565948486328
0.001980304718017578
0.009401798248291016
0.0016484260559082031
0.003894805908203125
0.0033826828002929688
0.006278514862060547
0.003529071807861328
0.00072479248046875
0.004450559616088867
0.0051631927490234375
0.004472017288208008
0.002772808074951172
0.0019314289093017578
0.004087686538696289
0.0005755424499511719
9.5367431640625e-07
0.0022339820861816406
0.0027437210083007812
0.004115104675292969
0.0004935264587402344
0.002349853515625
0.0047872066497802734
0.004656314849853516
0.0034465789794921875
0.0063152313232421875
0.0021889209747314453
0.0012156963348388672
0.002014636993408203
0.003057241439819336
0.003707408905029297
0.00176239013671875
0.0004513263702392578
9.5367431640625e-07
0.005289793014526367
0.0035636425018310547
0.003632783889770508
0.0009255409240722656
0.003999471664428711
0.002371549606323242
0.003733396530151367
0.002546548843383789
0.005372524261474609
0.00553584098815918
0.0041866302490234375
0.009247541427612305
1.6689300537109375e-06
0.0031936168670654297
0.002717256546020508
0.0031020641326904297
0.00238037109375
0.0020401477813720703
0.006158113479614258
0.0009777545928955078
0.0007321834564208984
0.0008203983306884766
0.002830982208251953
0.003806591033935547
0.004878520965576172
0.0027904510498046875
0.0006597042083740234
0.0028624534606933594
0.0030417442321777344
0.014103889465332031
0.01706242561340332
2.384185791015625e-06
0.001184225082397461
0.0033004283905029297
0.0017855167388916016
0.0038492679595947266
0.0025794506072998047
0.0007631778717041016
0.006652355194091797
0.00411677360534668
0.004009723663330078
0.001550436019897461
0.0004363059997558594
0.0029036998748779297
0.0008537769317626953
0.002302885055541992
0.001626729965209961
0.00436711311340332
