0.10033226013183594
0.3671431541442871
0.37946462631225586
0.39312195777893066
0.10899138450622559
9.5367431640625e-07
0.1301860809326172
0.05604076385498047
0.25091004371643066
0.07884764671325684
0.2955055236816406
0.33183979988098145
0.42640018463134766
0.39254283905029297
0.1972055435180664
0.050142765045166016
0.19545745849609375
0.48668718338012695
0.2881357669830322
0.615175724029541
0.37260007858276367
0.04273343086242676
0.13632416725158691
7.152557373046875e-07
0.39481592178344727
0.053865909576416016
0.1533663272857666
0.4719986915588379
0.4126467704772949
0.29296374320983887
0.4849419593811035
0.32349419593811035
0.4388585090637207
0.2901346683502197
0.49353909492492676
0.12903904914855957
0.06748127937316895
0.047798871994018555
0.16976022720336914
0.26793694496154785
0.49582624435424805
0.36078715324401855
0.40902113914489746
0.23479437828063965
0.07067203521728516
0.1938180923461914
1.1920928955078125e-06
0.05098843574523926
0.05072617530822754
0.5830326080322266
0.31369948387145996
0.3120090961456299
0.5445842742919922
0.5256149768829346
0.1546494960784912
0.1427321434020996
0.19545531272888184
0.0672752857208252
0.43764328956604004
0.2583122253417969
0.3749105930328369
0.476743221282959
0.052069664001464844
7.152557373046875e-07
0.42167067527770996
0.4321715831756592
0.15262174606323242
0.05218076705932617
0.1709587574005127
0.5385584831237793
0.042114973068237305
0.48084378242492676
0.319394588470459
0.395737886428833
0.35422301292419434
0.18115901947021484
0.06853127479553223
0.13889050483703613
0.4647810459136963
0.26024532318115234
0.562471866607666
0.2021949291229248
0.3619346618652344
0.3314218521118164
0.25953006744384766
1.6689300537109375e-06
0.5931541919708252
0.04996204376220703
0.19812798500061035
0.3226284980773926
0.07520270347595215
0.3172121047973633
0.5615570545196533
0.05014467239379883
0.1958451271057129
0.4675321578979492
0.15833663940429688
0.47785139083862305
0.062261104583740234
0.13590264320373535
0.573075532913208
0.04074740409851074
0.1295337677001953
0.2550222873687744
0.05330252647399902
0.2532923221588135
0.31092286109924316
0.5032720565795898
0.5167250633239746
0.3057279586791992
0.1462559700012207
0.30957484245300293
0.042310237884521484
0.17067980766296387
0.4311697483062744
0.18196678161621094
0.0681447982788086
0.48768019676208496
0.4452667236328125
9.5367431640625e-07
0.22137451171875
0.043787479400634766
0.16429901123046875
0.43245744705200195
0.21300792694091797
0.41901397705078125
0.537416934967041
0.41410040855407715
0.246856689453125
0.3389556407928467
0.1757946014404297
0.4301285743713379
0.07308387756347656
0.31619739532470703
0.5192394256591797
0.06693267822265625
0.046868085861206055
7.152557373046875e-07
0.36037635803222656
0.15019798278808594
0.14096665382385254
0.05371665954589844
0.33807945251464844
0.06254863739013672
0.21753454208374023
0.25762009620666504
0.38384389877319336
0.5379865169525146
0.44275712966918945
9.5367431640625e-07
0.1415097713470459
0.2775270938873291
0.1654338836669922
0.5205473899841309
0.06609869003295898
0.04009127616882324
0.44990110397338867
0.4815866947174072
0.17457842826843262
0.3532106876373291
0.36085009574890137
0.408689022064209
0.10473752021789551
0.34969663619995117
0.46212077140808105
0.257080078125
0.06636762619018555
0.502180814743042
0.05141496658325195
0.3228766918182373
0.3134739398956299
0.19854283332824707
7.152557373046875e-07
0.4977750778198242
0.6285533905029297
0.05063986778259277
0.0752716064453125
0.19820380210876465
0.17338848114013672
0.38858819007873535
0.2586047649383545
0.4600355625152588
0.22251200675964355
0.4102964401245117
0.05704951286315918
0.15085887908935547
0.06464195251464844
9.5367431640625e-07
0.6043121814727783
0.1459798812866211
0.16024065017700195
0.5368473529815674
0.04911541938781738
0.49207401275634766
0.39162206649780273
0.20023298263549805
0.3724031448364258
0.3120229244232178
0.0404362678527832
0.4703493118286133
0.18055200576782227
0.5033979415893555
0.050415992736816406
0.23391032218933105
0.05145263671875
0.4048163890838623
0.280153751373291
0.04159736633300781
0.4697909355163574
0.5280659198760986
0.5282573699951172
0.29422855377197266
0.17190885543823242
0.17970561981201172
0.16767406463623047
0.04379534721374512
0.2802541255950928
0.4483182430267334
1.1920928955078125e-06
0.35124778747558594
0.30282092094421387
0.3058490753173828
0.13576292991638184
0.03375124931335449
0.13437747955322266
0.10545778274536133
0.26781654357910156
0.11814737319946289
0.26399731636047363
0.6089539527893066
0.5487320423126221
0.5103373527526855
0.2955033779144287
0.48868441581726074
0.472454309463501
0.05151009559631348
0.07473230361938477
0.5025875568389893
0.07597923278808594
1.1920928955078125e-06
0.5859510898590088
0.03509974479675293
9.5367431640625e-07
0.05133700370788574
0.25182676315307617
0.2178647518157959
0.2060410976409912
0.041364431381225586
0.16570091247558594
0.550217866897583
0.5597879886627197
0.14937281608581543
0.07658839225769043
0.5648047924041748
0.48056483268737793
0.16654706001281738
0.3344142436981201
0.19839882850646973
0.613297700881958
0.39295196533203125
2.384185791015625e-06
0.05285477638244629
0.42061614990234375
0.33483409881591797
0.21672797203063965
0.5324811935424805
0.5424370765686035
0.2562696933746338
0.04694390296936035
0.3512091636657715
0.1813795566558838
0.4669489860534668
0.3318789005279541
0.32779431343078613
0.5365843772888184
0.07645344734191895
0.1967172622680664
0.06951737403869629
0.1461317539215088
0.11961555480957031
1.6689300537109375e-06
0.593970537185669
0.3355863094329834
0.050766944885253906
0.38483357429504395
0.31598758697509766
0.2939033508300781
0.4909939765930176
0.173814058303833
0.3917672634124756
0.29880213737487793
0.1502058506011963
0.1967461109161377
0.534156322479248
0.16226935386657715
0.04680037498474121
0.044269561767578125
0.06364107131958008
0.3179605007171631
0.44676947593688965
0.30721402168273926
0.27251267433166504
0.2321465015411377
0.36185312271118164
4.76837158203125e-07
0.036460161209106445
0.41067957878112793
0.31224536895751953
0.5702147483825684
0.15893793106079102
0.5603625774383545
0.14673781394958496
0.31309008598327637
0.5756990909576416
0.07602047920227051
0.49724650382995605
0.19871163368225098
0.05069684982299805
0.07507944107055664
0.18016862869262695
0.564384937286377
0.4085993766784668
0.0354456901550293
0.23114824295043945
0.05375385284423828
0.27336597442626953
0.07533025741577148
0.47196173667907715
0.6425900459289551
0.1745619773864746
0.4851047992706299
0.5025622844696045
0.1434168815612793
0.31292724609375
0.051255226135253906
1.1920928955078125e-06
0.20331645011901855
0.38353681564331055
0.1990046501159668
0.30042314529418945
4.76837158203125e-06
0.357133150100708
0.4267868995666504
0.33539581298828125
0.1596674919128418
0.46974825859069824
0.46341729164123535
0.07031726837158203
0.1720271110534668
0.3546791076660156
0.28633737564086914
0.06429243087768555
0.04373502731323242
0.47961974143981934
0.12525129318237305
0.4759402275085449
0.04777264595031738
0.2991459369659424
0.1648719310760498
0.2718050479888916
0.06804847717285156
0.21167397499084473
0.3310363292694092
0.3998911380767822
0.22995877265930176
0.23760318756103516
0.5637609958648682
0.45624804496765137
0.07536816596984863
0.19594120979309082
0.32059454917907715
0.521338939666748
0.15020394325256348
0.0522308349609375
0.5990374088287354
0.4310946464538574
0.36310577392578125
0.19414496421813965
1.1920928955078125e-06
0.052205562591552734
0.08215904235839844
0.6080336570739746
0.12179803848266602
0.3549654483795166
0.035375118255615234
0.10647177696228027
0.2362687587738037
0.05581068992614746
0.037077903747558594
0.2746849060058594
0.5340359210968018
1.1920928955078125e-06
0.3374209403991699
0.37644147872924805
0.17427802085876465
0.47132134437561035
0.33429718017578125
0.16016030311584473
0.5757722854614258
0.5105524063110352
0.041959524154663086
0.3249642848968506
0.46042799949645996
0.10110759735107422
0.11732053756713867
0.26625728607177734
0.03388261795043945
0.4180941581726074
0.6072838306427002
0.42292165756225586
0.18239617347717285
0.0731971263885498
0.2961153984069824
0.5256338119506836
1.1920928955078125e-06
0.3205547332763672
0.3717010021209717
0.19345378875732422
0.46932029724121094
0.06467223167419434
0.19937515258789062
0.25559568405151367
0.13457274436950684
0.3359048366546631
0.36868834495544434
0.03584742546081543
0.05320572853088379
0.13689780235290527
0.23034167289733887
0.5146796703338623
1.1920928955078125e-06
0.4895620346069336
0.2947232723236084
0.5489237308502197
0.0750281810760498
0.05176591873168945
0.32417893409729004
0.45870471000671387
0.37900662422180176
0.1510312557220459
1.1920928955078125e-06
0.5025174617767334
0.12012791633605957
0.0513758659362793
0.3361682891845703
0.36945295333862305
0.28527259826660156
0.5271346569061279
0.2952260971069336
0.05018210411071777
0.563636064529419
0.33480381965637207
0.18716168403625488
0.04942893981933594
0.36233043670654297
0.30306053161621094
0.16754603385925293
0.07367610931396484
0.14139103889465332
0.517780065536499
0.5462210178375244
4.76837158203125e-07
0.4000256061553955
0.44260096549987793
0.5370810031890869
0.04796624183654785
0.0487360954284668
0.32242846488952637
0.13445138931274414
0.17028570175170898
0.287365198135376
0.4754354953765869
0.2708117961883545
0.3432614803314209
0.19324254989624023
0.14860296249389648
0.0658106803894043
0.07516837120056152
0.4667222499847412
0.3531045913696289
0.5517261028289795
0.2418043613433838
0.40605878829956055
0.058762550354003906
0.3214871883392334
0.04634904861450195
0.3423891067504883
0.28453636169433594
0.3262636661529541
9.5367431640625e-07
0.4251070022583008
0.06216287612915039
0.47411632537841797
0.1929309368133545
0.04785633087158203
0.1748194694519043
0.47993969917297363
0.5406539440155029
0.16984295845031738
0.127593994140625
0.06210780143737793
0.293933629989624
0.5382411479949951
0.28080058097839355
0.034787893295288086
0.38442063331604004
0.03530097007751465
0.2947063446044922
0.13552260398864746
0.2946474552154541
0.07577633857727051
0.442934513092041
0.5157532691955566
0.1967911720275879
0.19975996017456055
0.15465259552001953
0.4438765048980713
0.5676076412200928
0.2966635227203369
1.1920928955078125e-06
0.21487188339233398
0.19481372833251953
0.06538701057434082
0.05414271354675293
0.2546553611755371
0.26772308349609375
0.11648225784301758
0.034454345703125
0.21661663055419922
0.5348687171936035
0.5788788795471191
0.05013775825500488
0.30872082710266113
0.5220000743865967
0.15193414688110352
0.2950756549835205
0.5182201862335205
0.49320268630981445
1.6689300537109375e-06
0.4493272304534912
0.0744016170501709
3.0994415283203125e-06
0.26949095726013184
0.42920732498168945
0.4347224235534668
0.05155515670776367
0.03469371795654297
0.18104219436645508
0.33649659156799316
0.4408583641052246
0.42273640632629395
0.13981056213378906
0.17614078521728516
0.5307705402374268
0.15802931785583496
0.48304128646850586
0.31416893005371094
0.2691948413848877
0.3417177200317383
0.07318806648254395
0.24467015266418457
0.09138202667236328
0.26401591300964355
0.04943227767944336
0.3287849426269531
0.39481282234191895
0.1159811019897461
0.2982776165008545
0.046523094177246094
0.17647767066955566
0.4058058261871338
7.152557373046875e-07
0.04767560958862305
0.5680432319641113
0.562628984451294
0.39171433448791504
0.17690300941467285
0.30696964263916016
0.4969038963317871
0.26629161834716797
0.07137823104858398
0.5161795616149902
0.2558753490447998
0.33763885498046875
0.050234079360961914
0.2428116798400879
0.5927896499633789
0.2717568874359131
0.4659922122955322
0.04889369010925293
0.043355703353881836
0.273972749710083
0.1822342872619629
0.16625094413757324
0.15421724319458008
0.4711730480194092
0.39591312408447266
0.1510910987854004
7.152557373046875e-07
0.48497939109802246
0.4227259159088135
0.40115833282470703
0.38631319999694824
0.03378891944885254
0.1420450210571289
0.30130934715270996
0.26166725158691406
0.4750654697418213
0.07662439346313477
0.5310032367706299
0.14557099342346191
0.30614423751831055
1.1920928955078125e-06
0.1631603240966797
0.3488771915435791
0.051119089126586914
0.49250197410583496
0.5789897441864014
0.12615728378295898
0.0631859302520752
0.39577627182006836
0.036316871643066406
0.12620091438293457
0.21231818199157715
0.3581066131591797
0.4133594036102295
0.3508422374725342
0.5953640937805176
0.06697416305541992
9.5367431640625e-07
0.32341456413269043
0.19026875495910645
0.04646492004394531
0.27243709564208984
0.5329873561859131
0.48280930519104004
0.19788646697998047
0.07575297355651855
0.12669658660888672
0.5031826496124268
0.20128822326660156
0.137007474899292
0.24158191680908203
0.20299911499023438
0.13631415367126465
0.05115175247192383
0.438129186630249
0.28099942207336426
0.46619391441345215
0.17143917083740234
9.5367431640625e-07
0.06886935234069824
0.05113649368286133
0.049655914306640625
0.3300032615661621
0.4894099235534668
0.5322127342224121
0.5089998245239258
0.48679327964782715
0.3783090114593506
0.2868313789367676
0.3349318504333496
0.37126731872558594
0.1664872169494629
4.76837158203125e-07
0.033811330795288086
0.20541167259216309
0.6042098999023438
0.3870203495025635
0.05182790756225586
0.41991639137268066
0.43219542503356934
0.06891751289367676
0.12781620025634766
0.3119533061981201
0.28740382194519043
0.5238449573516846
0.5665512084960938
0.0687112808227539
0.17547297477722168
0.5043857097625732
0.24634408950805664
0.12264084815979004
0.03541231155395508
0.22725677490234375
0.2649393081665039
0.4309053421020508
0.0727837085723877
0.6241354942321777
0.06515693664550781
0.507526159286499
0.19874954223632812
0.5479841232299805
0.20234155654907227
0.5269162654876709
0.05239558219909668
0.2960178852081299
0.43787145614624023
0.14121031761169434
1.1920928955078125e-06
0.13561773300170898
0.40755176544189453
0.05353593826293945
0.24435806274414062
0.12996625900268555
4.76837158203125e-07
0.03340625762939453
0.21627569198608398
0.1251206398010254
0.3087031841278076
0.5963592529296875
0.0738980770111084
0.192840576171875
0.5240335464477539
0.5244495868682861
0.45622682571411133
0.27072620391845703
0.36566829681396484
0.49594807624816895
0.051820993423461914
0.24382376670837402
0.39647626876831055
0.42867016792297363
0.03343391418457031
4.76837158203125e-07
0.05088639259338379
0.4755113124847412
0.294386625289917
0.3325634002685547
0.1485292911529541
0.31633496284484863
0.3156750202178955
0.5099523067474365
0.1463165283203125
0.45659589767456055
0.4207954406738281
0.19147396087646484
0.0454554557800293
0.06348562240600586
0.35299062728881836
0.3027331829071045
0.3988168239593506
0.25928807258605957
9.5367431640625e-07
0.03366208076477051
0.03494739532470703
0.050386667251586914
0.36466002464294434
0.14984416961669922
0.5511605739593506
0.15558123588562012
0.4308938980102539
0.2814152240753174
0.30221033096313477
0.2965569496154785
0.494828462600708
0.4954051971435547
0.06575369834899902
0.3458898067474365
0.12992310523986816
0.4237508773803711
0.13419055938720703
0.2558462619781494
9.5367431640625e-07
0.37659192085266113
0.25623583793640137
0.4979095458984375
0.04577970504760742
0.04369091987609863
0.39993858337402344
0.062319278717041016
0.17610383033752441
0.5736632347106934
0.34827113151550293
0.18142366409301758
0.46901774406433105
0.1962895393371582
0.07436680793762207
0.2627067565917969
0.4832799434661865
0.5285780429840088
4.76837158203125e-07
0.39294981956481934
0.05481576919555664
0.39066433906555176
0.1401512622833252
0.03780770301818848
0.28929615020751953
0.3197605609893799
0.28943800926208496
0.4415721893310547
0.045676231384277344
0.07414674758911133
0.12766146659851074
0.26228833198547363
0.1488797664642334
0.48214006423950195
0.32062554359436035
0.16380023956298828
0.5658557415008545
0.22292208671569824
9.5367431640625e-07
0.4160010814666748
0.1289370059967041
0.39598917961120605
0.29517269134521484
0.03953981399536133
0.16897344589233398
0.4927499294281006
0.1339435577392578
0.5247077941894531
0.0623934268951416
0.0647430419921875
0.36446213722229004
0.6013076305389404
0.45421314239501953
0.24895310401916504
0.04351019859313965
0.3076815605163574
0.32280898094177246
0.2265026569366455
0.3078186511993408
0.2528076171875
0.4932429790496826
0.4911611080169678
0.3096141815185547
0.12037873268127441
0.042325496673583984
0.2725944519042969
0.045623064041137695
0.5205211639404297
0.33922910690307617
0.06533217430114746
0.42659807205200195
0.5019004344940186
0.202925443649292
1.1920928955078125e-06
0.20255541801452637
0.07691431045532227
0.5707051753997803
0.0803518295288086
0.5684077739715576
0.22630906105041504
0.2611989974975586
0.1416916847229004
0.37232375144958496
0.5233089923858643
0.13405942916870117
0.5946190357208252
7.152557373046875e-07
0.29784107208251953
0.4825572967529297
0.1733531951904297
0.5300304889678955
0.2749812602996826
0.04902052879333496
0.329730749130249
0.04616284370422363
0.1591203212738037
0.07216453552246094
0.07101964950561523
0.38061046600341797
0.20750641822814941
0.22092652320861816
0.34206557273864746
0.2805643081665039
0.04676389694213867
1.1920928955078125e-06
0.31471705436706543
0.1824486255645752
0.1634502410888672
0.15308785438537598
0.49889039993286133
0.5787043571472168
0.19454050064086914
0.5150411128997803
0.040358543395996094
0.5680253505706787
0.06570768356323242
0.45708799362182617
0.10102963447570801
0.4067554473876953
0.2677299976348877
4.76837158203125e-07
0.20095515251159668
0.33690547943115234
0.33594179153442383
0.5135228633880615
0.14519715309143066
0.07514023780822754
0.5345747470855713
0.052538394927978516
0.3472435474395752
0.17373156547546387
0.5412271022796631
0.2023487091064453
0.05173325538635254
0.6544833183288574
0.35669708251953125
0.1741025447845459
0.5224881172180176
0.2812371253967285
0.11533427238464355
0.09891486167907715
0.3800394535064697
0.03365492820739746
0.03384757041931152
0.15010976791381836
0.24631214141845703
0.1756746768951416
0.31517887115478516
0.07620573043823242
0.5013642311096191
0.33122754096984863
0.07594537734985352
0.49635934829711914
0.3243720531463623
0.6239595413208008
0.43604397773742676
4.76837158203125e-07
0.22051715850830078
0.4672422409057617
4.76837158203125e-07
0.26756906509399414
0.4904367923736572
0.478407621383667
0.41675233840942383
0.2967793941497803
0.07720446586608887
0.2976565361022949
0.040337562561035156
0.19315052032470703
0.28627514839172363
0.04386758804321289
0.32420802116394043
0.44297170639038086
0.13195371627807617
0.15073418617248535
0.542393684387207
0.18628144264221191
0.5905399322509766
4.76837158203125e-07
0.2561767101287842
0.37224411964416504
0.2909817695617676
0.14312005043029785
0.059472084045410156
0.41905808448791504
0.3007087707519531
0.422443151473999
0.15100717544555664
0.04514002799987793
0.2631256580352783
0.20300054550170898
0.352372407913208
0.6275572776794434
0.4942648410797119
0.06768321990966797
0.046628713607788086
0.16416239738464355
0.3958261013031006
0.07443428039550781
0.40180349349975586
0.10099673271179199
0.1176905632019043
0.03353691101074219
0.3335857391357422
0.17012333869934082
0.5111169815063477
0.46224164962768555
0.07146573066711426
0.3526163101196289
0.5347497463226318
0.6257715225219727
0.30257368087768555
0.39864301681518555
1.6689300537109375e-06
0.19344687461853027
0.05237412452697754
0.2927696704864502
0.09596443176269531
0.46796178817749023
0.3358578681945801
0.43634915351867676
0.3156087398529053
0.19465136528015137
0.5131032466888428
0.04347825050354004
0.3564152717590332
0.29358458518981934
0.3145899772644043
0.052057743072509766
9.5367431640625e-07
0.15127158164978027
0.07667160034179688
0.1934061050415039
0.17275190353393555
0.4951815605163574
0.2961771488189697
0.5659210681915283
0.05257153511047363
0.26061344146728516
0.42395591735839844
0.03447556495666504
0.12424349784851074
0.1401197910308838
0.24965977668762207
0.3965473175048828
0.059963226318359375
0.41781044006347656
0.3172745704650879
0.32454466819763184
0.16918325424194336
0.496196985244751
0.5197114944458008
0.5425159931182861
0.34464383125305176
0.06806683540344238
9.5367431640625e-07
0.1298375129699707
0.4064064025878906
0.4570317268371582
0.3523273468017578
0.03398275375366211
0.4811394214630127
0.5340518951416016
0.3765277862548828
0.14746642112731934
0.19569921493530273
0.31688666343688965
0.06435394287109375
0.06531167030334473
0.2896595001220703
0.5720553398132324
0.18324661254882812
0.1687171459197998
0.051688432693481445
7.152557373046875e-07
0.4916856288909912
0.29624056816101074
0.23163461685180664
0.3349630832672119
0.03359198570251465
4.76837158203125e-07
0.23409175872802734
0.431149959564209
0.35095739364624023
0.5230395793914795
0.06348943710327148
0.05133700370788574
0.3584132194519043
0.46907997131347656
0.25099897384643555
0.06764459609985352
0.306088924407959
0.5461163520812988
0.20289278030395508
0.16380667686462402
0.2031247615814209
0.5220620632171631
0.15947175025939941
0.5786302089691162
0.035408735275268555
0.05241560935974121
0.3924393653869629
0.11512970924377441
4.76837158203125e-07
0.21502685546875
0.5504379272460938
0.19569134712219238
0.05221986770629883
0.33457159996032715
0.19481182098388672
0.07117915153503418
0.372969388961792
0.4793581962585449
0.29660463333129883
0.5464956760406494
0.4965689182281494
0.36784887313842773
0.18068480491638184
0.4873514175415039
0.43504786491394043
0.2324378490447998
0.033766746520996094
0.21958327293395996
0.14422035217285156
9.5367431640625e-07
0.39292263984680176
0.372539758682251
0.15028643608093262
0.1869673728942871
0.42142391204833984
0.0441131591796875
0.503948450088501
0.5242445468902588
0.07084918022155762
0.07555007934570312
0.4648282527923584
0.3023037910461426
0.5301880836486816
0.035868167877197266
2.384185791015625e-07
0.05385017395019531
0.23267865180969238
0.2700638771057129
0.13898086547851562
0.1374955177307129
0.40227770805358887
0.14731621742248535
0.29510021209716797
0.31191468238830566
0.5375282764434814
0.5002591609954834
0.6083869934082031
0.37128376960754395
0.05148482322692871
0.5584414005279541
0.18102002143859863
0.06581974029541016
0.36302852630615234
0.2607884407043457
0.14019298553466797
0.4047555923461914
0.053693532943725586
0.3237326145172119
0.18796658515930176
9.5367431640625e-07
0.12506794929504395
0.07696175575256348
0.46477222442626953
0.5466709136962891
0.04323863983154297
0.3327517509460449
0.5175075531005859
0.17717194557189941
0.05334663391113281
0.27457666397094727
0.5283410549163818
0.4327068328857422
0.34011220932006836
0.4134948253631592
0.406890869140625
4.76837158203125e-07
0.03615903854370117
0.2770531177520752
0.29723072052001953
0.1966850757598877
0.3971290588378906
0.19907546043395996
0.07662773132324219
0.49817657470703125
0.04314899444580078
0.5474350452423096
0.1503429412841797
0.48976564407348633
0.4552586078643799
0.07678341865539551
0.1520092487335205
0.3019711971282959
0.1605229377746582
0.40989017486572266
0.43132901191711426
0.1013946533203125
0.3788588047027588
0.03378152847290039
0.30673718452453613
0.0748288631439209
0.07254171371459961
0.42415452003479004
0.5580506324768066
7.152557373046875e-07
0.39855360984802246
0.5259337425231934
0.05044984817504883
0.3344383239746094
0.4872303009033203
0.18954920768737793
0.322829008102417
0.148482084274292
0.5544552803039551
0.05018424987792969
0.049596309661865234
0.13289904594421387
0.3757767677307129
0.2896912097930908
0.04384040832519531
0.04631447792053223
0.17705631256103516
0.14090371131896973
0.5547659397125244
0.28740549087524414
0.3159651756286621
0.17263007164001465
0.3596532344818115
0.28372836112976074
0.48726511001586914
0.5561699867248535
0.5054669380187988
1.430511474609375e-06
0.21036100387573242
0.07577705383300781
0.07394814491271973
0.37688660621643066
0.3832235336303711
0.10688352584838867
0.43929433822631836
0.37081360816955566
0.5426840782165527
0.16162896156311035
0.2950615882873535
0.25528693199157715
1.430511474609375e-06
0.4405226707458496
0.44539570808410645
0.306490421295166
0.15021204948425293
0.3280048370361328
0.043794870376586914
0.04085683822631836
0.3114626407623291
0.18152761459350586
0.1291801929473877
0.05364537239074707
0.46440577507019043
0.03349447250366211
0.2023146152496338
0.2922482490539551
0.050699710845947266
9.5367431640625e-07
0.5238101482391357
0.4737107753753662
0.13882708549499512
0.3533360958099365
0.20025110244750977
0.3480870723724365
0.5389363765716553
0.4391744136810303
0.5065340995788574
0.06826901435852051
0.10004472732543945
0.5009245872497559
0.1382896900177002
0.03235650062561035
0.0323328971862793
0.11411428451538086
0.34163618087768555
0.39058780670166016
0.3089134693145752
0.5357666015625
0.3760828971862793
1.430511474609375e-06
0.07575106620788574
0.557593822479248
0.3275439739227295
0.18165874481201172
0.49219512939453125
0.15084314346313477
0.33682823181152344
0.2553980350494385
0.3692007064819336
0.39266252517700195
0.23371672630310059
0.4514620304107666
0.1936633586883545
0.05122709274291992
0.484560489654541
0.37332987785339355
7.152557373046875e-07
0.20066475868225098
0.3845102787017822
0.07643628120422363
0.5141634941101074
0.15050315856933594
0.07283473014831543
0.0528264045715332
0.49707770347595215
0.5017259120941162
0.28124189376831055
0.14596056938171387
0.08798336982727051
0.17626333236694336
0.12828516960144043
0.36130547523498535
0.03529548645019531
0.46697211265563965
0.05443382263183594
0.036472320556640625
9.5367431640625e-07
0.375807523727417
0.303234338760376
0.4196286201477051
0.5178048610687256
0.5441806316375732
0.2823934555053711
0.4879891872406006
0.17250776290893555
0.1750962734222412
0.3429579734802246
0.2758474349975586
0.45316219329833984
0.29572343826293945
0.1433711051940918
0.4330780506134033
0.039864540100097656
4.76837158203125e-07
0.29143309593200684
0.3112335205078125
0.04106712341308594
0.14396142959594727
0.542534589767456
0.24233460426330566
0.2759239673614502
0.17799711227416992
0.5283446311950684
0.5421895980834961
0.06816506385803223
0.11657929420471191
0.07460355758666992
0.4568772315979004
0.40939950942993164
0.07729077339172363
0.27497363090515137
0.21944260597229004
0.4474670886993408
0.27054905891418457
0.4990253448486328
0.49733638763427734
0.05209493637084961
0.48932695388793945
0.15270400047302246
0.19077706336975098
0.17319822311401367
0.17138910293579102
0.051477909088134766
0.5378503799438477
0.48342299461364746
0.06594467163085938
0.29123735427856445
7.152557373046875e-07
0.1748335361480713
0.4507408142089844
0.23459482192993164
0.38594841957092285
0.405012845993042
0.27950334548950195
0.06585550308227539
0.25542688369750977
0.17025279998779297
0.18744516372680664
0.5742678642272949
0.1504812240600586
0.5204737186431885
0.38858771324157715
0.05249190330505371
0.05107545852661133
0.36773180961608887
0.4420135021209717
9.5367431640625e-07
0.0677485466003418
0.5152387619018555
0.06826901435852051
0.5744509696960449
0.3906373977661133
0.10556745529174805
0.22159409523010254
0.5651021003723145
0.47253847122192383
0.1588304042816162
1.1920928955078125e-06
0.3703794479370117
0.37386274337768555
0.4692420959472656
0.31525635719299316
0.34509992599487305
0.0772709846496582
0.1666731834411621
0.03904986381530762
0.04153728485107422
0.19361019134521484
0.5234122276306152
0.0523838996887207
0.13294267654418945
0.13201379776000977
0.03302741050720215
0.43085432052612305
0.11933183670043945
0.32581281661987305
0.050626277923583984
0.5249292850494385
0.48254942893981934
0.5520002841949463
0.3582639694213867
0.3027775287628174
0.3064403533935547
0.27664661407470703
0.4796626567840576
0.06872725486755371
0.14989662170410156
7.152557373046875e-07
0.24523544311523438
0.05989384651184082
0.23243308067321777
0.20225000381469727
0.033811330795288086
0.09945154190063477
0.3668172359466553
0.051880598068237305
0.25792860984802246
0.5040676593780518
0.04082632064819336
0.17782020568847656
0.44571399688720703
0.4399681091308594
0.3352620601654053
0.5129542350769043
0.5875444412231445
0.1551673412322998
0.390972375869751
7.152557373046875e-07
0.24646639823913574
0.06926774978637695
0.12899017333984375
0.40979623794555664
0.21448326110839844
0.3979194164276123
0.3017463684082031
0.3700096607208252
0.6494464874267578
0.1532754898071289
0.20322251319885254
7.152557373046875e-07
0.35074734687805176
0.05210542678833008
0.5475664138793945
0.07191038131713867
0.4838390350341797
0.043114662170410156
0.2698848247528076
0.48612523078918457
0.05342578887939453
0.5994138717651367
0.11042547225952148
0.348970890045166
0.14114880561828613
0.36174607276916504
0.2756040096282959
0.17916107177734375
0.1412060260772705
0.5053508281707764
0.07827067375183105
7.152557373046875e-07
0.3760416507720947
0.4813358783721924
0.3628880977630615
0.5312240123748779
0.30310487747192383
0.30678510665893555
0.05218362808227539
0.07702994346618652
0.5931525230407715
0.1423206329345703
0.40926408767700195
0.39208054542541504
0.3955497741699219
0.3006010055541992
0.04685688018798828
0.2750372886657715
0.3030405044555664
0.5864746570587158
0.17363882064819336
0.1872847080230713
0.07503843307495117
0.4429049491882324
0.5192158222198486
0.07451534271240234
7.152557373046875e-07
0.045946359634399414
0.36762237548828125
0.12743067741394043
0.1892561912536621
0.2657783031463623
0.3366994857788086
0.3352649211883545
0.13384389877319336
0.26555681228637695
0.13868284225463867
1.6689300537109375e-06
0.6108965873718262
0.3480377197265625
0.06537270545959473
0.5234558582305908
0.0673372745513916
0.05069708824157715
0.047861337661743164
0.38673973083496094
0.19768095016479492
0.5337426662445068
0.2645881175994873
0.5170822143554688
0.4043617248535156
0.044295549392700195
0.24098873138427734
0.10649228096008301
0.45355701446533203
0.27435302734375
0.5081179141998291
0.20090746879577637
0.07341480255126953
0.04249286651611328
0.5201678276062012
0.16666507720947266
0.5139305591583252
0.3048248291015625
0.43998193740844727
7.152557373046875e-07
0.16891884803771973
0.4601311683654785
0.0704653263092041
0.2684199810028076
0.18704605102539062
0.33633923530578613
0.036431074142456055
0.2870292663574219
0.13500547409057617
0.40190744400024414
0.05524468421936035
1.6689300537109375e-06
0.5670604705810547
0.28644299507141113
0.32671570777893066
0.16774892807006836
0.07422399520874023
0.5331099033355713
0.3046872615814209
0.43909668922424316
0.044353485107421875
0.1303856372833252
0.5177695751190186
0.4670712947845459
0.21094727516174316
4.291534423828125e-06
0.31261253356933594
0.13781285285949707
0.40276598930358887
0.34202027320861816
0.5470943450927734
0.3016693592071533
0.640477180480957
0.15762019157409668
0.0674734115600586
0.04799485206604004
0.07205581665039062
0.15449094772338867
0.3781468868255615
0.5369076728820801
0.4667327404022217
0.285325288772583
0.38150787353515625
0.05108022689819336
0.08773660659790039
0.19115018844604492
0.4567234516143799
0.46050286293029785
0.05714058876037598
0.21646475791931152
0.37009501457214355
0.36125683784484863
0.17715167999267578
0.35061168670654297
0.31032276153564453
0.5076406002044678
0.05166029930114746
0.48006272315979004
0.05229353904724121
0.20202112197875977
7.152557373046875e-07
0.4986851215362549
0.537710428237915
0.151902437210083
0.45104479789733887
0.48616623878479004
0.052991390228271484
0.03618574142456055
0.405179500579834
0.2725183963775635
0.3558766841888428
0.04156088829040527
7.152557373046875e-07
0.07732605934143066
0.15149331092834473
0.16568350791931152
0.30218029022216797
0.5186898708343506
0.4065418243408203
0.16547107696533203
0.5032765865325928
0.17853069305419922
0.29871416091918945
0.3361165523529053
1.1920928955078125e-06
0.5105135440826416
0.10248899459838867
0.37158989906311035
0.23967719078063965
0.03463554382324219
0.05132579803466797
0.052666664123535156
0.03506636619567871
0.31978678703308105
0.46630096435546875
0.20033812522888184
0.1755983829498291
0.5689973831176758
0.30869197845458984
0.5475301742553711
0.17804479598999023
0.5738856792449951
0.3551342487335205
0.2483963966369629
0.5954563617706299
0.22371959686279297
0.3374049663543701
0.03360462188720703
0.033292293548583984
0.42696166038513184
0.06715607643127441
0.16564106941223145
0.27499842643737793
0.3112626075744629
0.599513053894043
0.3262908458709717
0.4722764492034912
0.1623682975769043
0.0714259147644043
0.3958473205566406
0.1434004306793213
0.14745020866394043
4.76837158203125e-07
0.44531726837158203
0.08946728706359863
0.47934985160827637
4.76837158203125e-07
0.037163496017456055
0.05154585838317871
0.41109776496887207
0.24317336082458496
0.5597639083862305
0.5495703220367432
0.168226957321167
0.3182094097137451
0.17859625816345215
0.5000300407409668
0.17626667022705078
0.30876684188842773
0.12789678573608398
0.07734870910644531
0.4204137325286865
0.2415599822998047
0.3924705982208252
0.0809319019317627
0.14632296562194824
0.20645356178283691
0.4146251678466797
0.23618197441101074
0.05105900764465332
0.13396310806274414
0.223419189453125
7.152557373046875e-07
0.5629336833953857
0.4432694911956787
0.05231142044067383
0.39320802688598633
0.3274357318878174
0.17667365074157715
0.05202984809875488
0.48592352867126465
0.5173254013061523
0.5082821846008301
0.3122432231903076
0.07584428787231445
0.5085475444793701
0.1336376667022705
0.26758646965026855
0.23312926292419434
0.3520965576171875
0.14353346824645996
0.4955768585205078
0.5395033359527588
0.2444171905517578
0.31309080123901367
0.07073783874511719
0.16111469268798828
0.20119905471801758
9.5367431640625e-07
0.5365481376647949
0.04748892784118652
0.2985208034515381
0.04323744773864746
0.5965249538421631
1.1920928955078125e-06
0.48266148567199707
0.2189173698425293
0.033455848693847656
0.11752653121948242
0.2346210479736328
0.051018476486206055
0.22781109809875488
0.5909912586212158
0.5011105537414551
0.43814778327941895
0.5183732509613037
0.3450474739074707
0.1611330509185791
0.051978349685668945
0.1900191307067871
0.5369281768798828
0.38954734802246094
0.06980180740356445
0.13675403594970703
0.23378944396972656
0.2088630199432373
0.17429852485656738
0.10291194915771484
0.3287811279296875
0.04928231239318848
4.76837158203125e-07
0.37993502616882324
0.2503800392150879
0.5584297180175781
0.274613618850708
0.29752659797668457
0.06542658805847168
0.2607266902923584
0.04636216163635254
0.4393908977508545
0.46709656715393066
0.5328614711761475
0.04450106620788574
0.35956668853759766
0.07881760597229004
0.05403470993041992
0.17297601699829102
0.2672708034515381
0.3300464153289795
0.2032773494720459
0.3897106647491455
0.2877037525177002
0.5684738159179688
0.35127854347229004
0.18459677696228027
0.0889441967010498
0.5440821647644043
0.19592952728271484
1.1920928955078125e-06
0.052851200103759766
0.578629732131958
0.34094810485839844
0.5237653255462646
0.1481320858001709
0.48797106742858887
0.05769777297973633
0.3730330467224121
0.15006446838378906
0.041915178298950195
0.10098433494567871
0.4773905277252197
0.14775943756103516
0.16791915893554688
0.32085704803466797
0.555924654006958
0.46411609649658203
0.05254983901977539
0.3505113124847412
0.2806839942932129
7.152557373046875e-07
0.07049560546875
0.2821340560913086
0.35384654998779297
0.551232099533081
0.35377025604248047
0.3936126232147217
0.26490187644958496
4.76837158203125e-07
0.20517349243164062
0.06787252426147461
0.1672992706298828
0.5541534423828125
0.603848934173584
0.15951800346374512
0.47290730476379395
0.4464988708496094
0.29483819007873535
0.1884005069732666
0.05218768119812012
0.04787302017211914
0.5430405139923096
0.07509136199951172
0.14306330680847168
0.3560512065887451
0.6118264198303223
0.33815550804138184
0.05064702033996582
0.3666994571685791
0.13804101943969727
0.5028030872344971
0.31610989570617676
0.349409818649292
0.33471155166625977
7.152557373046875e-07
0.39145445823669434
0.05226755142211914
0.07339334487915039
0.1991410255432129
0.051401376724243164
0.5664851665496826
0.30292582511901855
0.1577141284942627
0.13144731521606445
0.47068047523498535
0.39615583419799805
0.18360686302185059
0.14475321769714355
0.27985048294067383
0.10078597068786621
0.4228518009185791
0.2505521774291992
0.49625730514526367
0.06610488891601562
0.04918193817138672
0.17596697807312012
0.5040907859802246
0.3436579704284668
0.04490542411804199
4.76837158203125e-07
0.30533909797668457
0.06461572647094727
0.4651038646697998
0.4702935218811035
0.5924718379974365
0.09530258178710938
0.5001320838928223
0.43669605255126953
0.25180935859680176
0.052412986755371094
0.4644358158111572
1.1920928955078125e-06
0.150590181350708
0.466965913772583
0.04475092887878418
0.4249269962310791
0.04206204414367676
0.3431510925292969
0.4972078800201416
0.1816234588623047
0.17279624938964844
0.3018481731414795
0.3013942241668701
0.3287174701690674
0.15086126327514648
0.06354880332946777
0.342620849609375
0.24450230598449707
0.04785275459289551
0.12978482246398926
0.04999709129333496
0.3340306282043457
0.456545352935791
0.3883836269378662
0.48366856575012207
0.49275660514831543
0.20056843757629395
0.5322661399841309
0.29961228370666504
0.04590129852294922
1.430511474609375e-06
0.15223956108093262
0.5448019504547119
0.30240678787231445
0.15086007118225098
0.1922013759613037
0.19945764541625977
0.18813204765319824
0.2550206184387207
0.03408002853393555
0.4216272830963135
0.39714884757995605
0.1537172794342041
0.3103954792022705
0.2617664337158203
0.34436917304992676
7.152557373046875e-07
0.27279090881347656
0.4411146640777588
0.578272819519043
0.5515792369842529
0.06341147422790527
0.04323387145996094
0.065093994140625
0.6002304553985596
0.4934535026550293
0.12190937995910645
0.24512171745300293
0.452528715133667
0.26241493225097656
0.052114009857177734
0.1716156005859375
0.32163166999816895
0.0646822452545166
0.2762138843536377
0.5165808200836182
0.44179511070251465
9.5367431640625e-07
0.0702369213104248
0.19284558296203613
0.19973254203796387
0.5360667705535889
0.04307675361633301
0.3490152359008789
0.4941847324371338
0.5493896007537842
0.22306251525878906
0.4042811393737793
0.0418088436126709
0.15650653839111328
0.27040767669677734
0.38309597969055176
0.4868285655975342
0.27599430084228516
0.13501238822937012
0.07117247581481934
0.15204763412475586
9.5367431640625e-07
0.5132367610931396
0.5844900608062744
0.0766153335571289
0.49462318420410156
0.046164751052856445
0.1728813648223877
0.3174428939819336
0.4983837604522705
0.061989545822143555
0.2302536964416504
0.40970468521118164
0.251417875289917
0.16651129722595215
0.17212939262390137
0.05046391487121582
0.3244194984436035
0.16221189498901367
0.49021410942077637
0.45506930351257324
0.06913232803344727
0.1507880687713623
0.5524961948394775
0.36317873001098633
0.5918662548065186
0.046634674072265625
0.2913844585418701
9.5367431640625e-07
0.5216028690338135
0.21225261688232422
2.384185791015625e-07
0.032929420471191406
0.051255226135253906
0.2634775638580322
0.3506908416748047
0.2991654872894287
0.1785590648651123
0.4676089286804199
0.07596588134765625
0.15174293518066406
0.17569375038146973
0.5562496185302734
0.2724897861480713
0.5487103462219238
0.051270484924316406
0.17669963836669922
0.591677188873291
0.35068273544311523
0.07659626007080078
0.19817852973937988
0.27095913887023926
0.13184452056884766
0.3395371437072754
0.12395238876342773
0.29062628746032715
0.4892861843109131
1.1920928955078125e-06
0.06751346588134766
0.3676893711090088
0.2991161346435547
0.04443240165710449
0.18835997581481934
0.5143411159515381
0.5473456382751465
0.04902172088623047
0.48377490043640137
0.2900559902191162
0.537827730178833
