0.07235598564147949
0.05629253387451172
0.22519564628601074
0.3526308536529541
0.03416037559509277
0.054039955139160156
0.5600879192352295
0.25009918212890625
0.42326879501342773
0.4040491580963135
0.5077853202819824
0.12828350067138672
0.25421905517578125
0.4593234062194824
0.1648883819580078
4.76837158203125e-07
0.2747020721435547
0.13462114334106445
0.19789385795593262
0.3258323669433594
0.4029533863067627
0.17435455322265625
0.046564579010009766
0.43828845024108887
0.3819460868835449
0.07411527633666992
0.23741817474365234
0.4549586772918701
0.5116941928863525
0.285839319229126
0.13949370384216309
4.76837158203125e-07
0.2723557949066162
0.15022850036621094
0.05807614326477051
0.034534454345703125
0.13313031196594238
0.32563281059265137
0.19498348236083984
0.2819235324859619
0.43473029136657715
0.06502938270568848
0.4830348491668701
0.47673606872558594
0.5434684753417969
0.10633111000061035
0.724916934967041
0.25870394706726074
0.2171778678894043
0.6800956726074219
0.07528805732727051
0.15659236907958984
1.1920928955078125e-06
0.20931124687194824
0.10587167739868164
0.5671043395996094
0.3025646209716797
0.48067784309387207
0.5964970588684082
0.5054419040679932
0.15604257583618164
0.6400783061981201
0.46445584297180176
0.1044154167175293
0.5045163631439209
4.76837158203125e-07
0.10712409019470215
0.6906149387359619
0.2196798324584961
0.08845162391662598
0.7499945163726807
0.15719366073608398
0.5325570106506348
0.4165787696838379
0.20974373817443848
0.5340538024902344
0.31562137603759766
0.0897531509399414
0.34856557846069336
0.5195944309234619
0.09442400932312012
0.5259146690368652
0.21606683731079102
0.09887290000915527
0.30738139152526855
0.45261168479919434
0.10460090637207031
0.8517301082611084
0.5875935554504395
9.5367431640625e-07
0.5514373779296875
0.5430166721343994
0.1718897819519043
0.337601900100708
0.2232511043548584
0.11657142639160156
0.5128536224365234
0.48828864097595215
0.26990318298339844
0.5344972610473633
0.1316382884979248
0.5658609867095947
7.152557373046875e-07
0.41629862785339355
0.24237561225891113
0.10562014579772949
0.10607361793518066
0.7055375576019287
0.16002178192138672
0.5420691967010498
0.17208075523376465
0.055440425872802734
0.17428946495056152
0.5554409027099609
0.5025696754455566
0.5859880447387695
0.2793314456939697
0.6266109943389893
0.2984943389892578
0.5057740211486816
0.34943222999572754
0.4305098056793213
0.09051084518432617
0.28551244735717773
0.3197140693664551
0.12788915634155273
0.49154138565063477
0.09336733818054199
0.4609537124633789
0.08322787284851074
7.152557373046875e-07
0.5514981746673584
0.653461217880249
0.5531513690948486
0.18628954887390137
0.41124582290649414
0.6724963188171387
0.46980953216552734
0.16091012954711914
0.5451743602752686
1.430511474609375e-06
0.2112736701965332
0.2335805892944336
0.0897514820098877
0.06628537178039551
0.07526016235351562
0.43078064918518066
0.5211760997772217
0.28410792350769043
0.49344515800476074
0.32360029220581055
0.7153110504150391
0.06270909309387207
0.639960765838623
0.2936272621154785
0.5289299488067627
0.4162883758544922
0.5975284576416016
0.5375351905822754
0.5561811923980713
0.19438815116882324
0.12541508674621582
0.4029262065887451
4.76837158203125e-07
0.05947542190551758
0.5569562911987305
0.08503127098083496
0.08496308326721191
0.6169328689575195
0.5583348274230957
0.22274112701416016
0.2530984878540039
0.5620813369750977
0.3571040630340576
0.3189582824707031
0.06842708587646484
0.49603700637817383
0.23647141456604004
0.5407528877258301
0.5494384765625
1.430511474609375e-06
0.1205434799194336
0.350968599319458
0.149932861328125
0.07841706275939941
0.052216529846191406
0.48424243927001953
0.5631732940673828
0.6986782550811768
0.4123952388763428
0.09015989303588867
0.16091704368591309
0.32108592987060547
0.05788421630859375
0.2231438159942627
0.5256826877593994
0.14342117309570312
0.3257710933685303
0.4592325687408447
0.51975417137146
6.4373016357421875e-06
0.07621073722839355
0.04477500915527344
0.09896135330200195
0.1839580535888672
0.5139822959899902
0.6619572639465332
0.6630215644836426
0.10175061225891113
0.3169677257537842
0.9465122222900391
0.239837646484375
0.4735372066497803
0.6019980907440186
0.5653386116027832
0.3174145221710205
0.5196323394775391
0.3198270797729492
0.16928315162658691
0.5530264377593994
0.08771395683288574
0.17415452003479004
0.32921910285949707
0.05428314208984375
0.3451347351074219
0.21741199493408203
0.12373828887939453
0.1045064926147461
0.4243907928466797
0.5116105079650879
0.7382900714874268
0.16832733154296875
7.152557373046875e-07
0.5605864524841309
0.4839742183685303
0.15010476112365723
0.6381547451019287
0.27200937271118164
0.5095620155334473
0.5140838623046875
0.06377315521240234
0.3405797481536865
0.07244610786437988
0.48771214485168457
0.674027681350708
0.12545394897460938
0.514127254486084
0.8841733932495117
0.10646629333496094
0.3160593509674072
0.2716789245605469
0.12175178527832031
1.1920928955078125e-06
0.5197353363037109
0.41453099250793457
0.5101799964904785
0.5688061714172363
0.2959325313568115
0.14706969261169434
0.5067141056060791
0.5515236854553223
0.13898324966430664
0.0648648738861084
0.0841224193572998
0.2485365867614746
0.2732226848602295
0.10354900360107422
0.48650121688842773
0.7988784313201904
0.5427920818328857
0.21699738502502441
0.6474277973175049
0.3448617458343506
9.5367431640625e-07
0.3099701404571533
0.07638311386108398
0.4228224754333496
0.5562572479248047
0.5001609325408936
0.5693738460540771
1.0728836059570312e-05
0.05399203300476074
0.06705141067504883
0.41321659088134766
0.05220746994018555
0.16448974609375
0.16049766540527344
0.32366061210632324
0.48718857765197754
0.6630668640136719
0.184722900390625
0.7939815521240234
0.08360409736633301
0.3244142532348633
0.544729471206665
0.6189591884613037
0.39655447006225586
0.5099809169769287
0.33418941497802734
0.5661189556121826
0.25264430046081543
0.3189976215362549
1.1920928955078125e-06
0.12454652786254883
0.04226183891296387
0.49492883682250977
0.11004066467285156
0.6941733360290527
0.5811498165130615
0.39795398712158203
0.09270691871643066
0.23960566520690918
0.7080934047698975
0.3631417751312256
0.4912986755371094
0.2941923141479492
0.0754404067993164
0.34218358993530273
0.16745948791503906
0.4990072250366211
0.20515871047973633
9.5367431640625e-07
0.08483409881591797
0.22037267684936523
0.639733076095581
0.10224771499633789
0.46768760681152344
0.4649369716644287
0.10219645500183105
0.49745893478393555
0.2752981185913086
0.39231204986572266
0.23076581954956055
0.1274263858795166
0.6441004276275635
0.43450498580932617
0.7761001586914062
0.5075762271881104
0.5408942699432373
0.5036542415618896
0.43508458137512207
0.44890785217285156
0.05938076972961426
0.1988692283630371
0.17618536949157715
0.0870356559753418
0.2075660228729248
0.11859750747680664
0.501467227935791
1.1920928955078125e-06
0.45270729064941406
0.42363429069519043
0.0962061882019043
0.783348798751831
0.11712288856506348
0.43104982376098633
0.37958717346191406
0.3114616870880127
0.4628565311431885
0.4722425937652588
0.30084896087646484
0.04520082473754883
0.08090043067932129
0.43395280838012695
7.152557373046875e-07
0.6192138195037842
0.423642635345459
0.4337804317474365
0.23313403129577637
0.11488103866577148
0.28890323638916016
0.5634481906890869
0.10652470588684082
0.6812455654144287
0.1548759937286377
0.5471389293670654
0.4672701358795166
0.5727477073669434
0.16025948524475098
0.5165812969207764
0.04248356819152832
0.23181438446044922
0.15267062187194824
0.2605624198913574
0.23639130592346191
0.5388619899749756
0.06382274627685547
0.10080909729003906
0.12957549095153809
0.5187647342681885
0.4962608814239502
0.7771909236907959
0.5837311744689941
9.5367431640625e-07
0.11897897720336914
0.4848287105560303
0.4752357006072998
0.5125181674957275
0.3095276355743408
0.5910317897796631
0.05245041847229004
0.3029606342315674
9.5367431640625e-07
0.18790483474731445
0.16556215286254883
0.6178538799285889
0.45734095573425293
0.1055147647857666
0.5687301158905029
0.30713582038879395
0.8710758686065674
0.07286548614501953
0.29590320587158203
0.5353598594665527
0.5363273620605469
0.4368553161621094
0.5535836219787598
0.1426546573638916
0.33516907691955566
0.5157101154327393
2.1457672119140625e-06
0.2811548709869385
0.1543581485748291
0.2061617374420166
0.062200069427490234
0.5119426250457764
0.49496912956237793
0.7409226894378662
0.09569859504699707
0.6990811824798584
0.07755088806152344
0.33895373344421387
0.3932764530181885
0.06585478782653809
0.543144702911377
0.6499369144439697
0.30114293098449707
0.17230582237243652
0.5454888343811035
0.554389238357544
0.08847355842590332
0.2569539546966553
0.4633054733276367
0.11493039131164551
0.5150914192199707
0.3248012065887451
0.1065676212310791
1.029423713684082
0.14187240600585938
9.5367431640625e-07
0.6371915340423584
0.3415212631225586
0.3461577892303467
0.06302785873413086
0.5404713153839111
0.3216402530670166
0.1922459602355957
0.5047526359558105
0.466339111328125
0.520211935043335
0.14473748207092285
0.1690654754638672
2.1457672119140625e-06
0.29126691818237305
0.1515657901763916
0.10491299629211426
0.3882791996002197
0.5561492443084717
0.09831023216247559
0.7184762954711914
0.6075894832611084
0.0990610122680664
0.21498608589172363
0.510098934173584
0.2626512050628662
0.29595279693603516
0.3247241973876953
0.49889159202575684
0.1582503318786621
0.5301978588104248
0.3997044563293457
0.20952725410461426
0.07831120491027832
0.06841444969177246
0.2518482208251953
0.35787367820739746
0.12134552001953125
0.463653564453125
0.30126142501831055
0.7864408493041992
0.5459403991699219
7.152557373046875e-07
0.20027661323547363
0.4779069423675537
0.07508111000061035
0.5453348159790039
0.4324965476989746
0.5234112739562988
0.34379053115844727
0.5755972862243652
0.2667529582977295
0.06519079208374023
0.43198490142822266
0.1515517234802246
0.03962111473083496
0.27432799339294434
0.56990647315979
0.48021578788757324
0.4603562355041504
0.1049504280090332
0.5227203369140625
0.083526611328125
0.16351985931396484
9.5367431640625e-07
0.5768048763275146
0.12716960906982422
0.401721715927124
0.5288100242614746
0.5192809104919434
0.5351831912994385
0.1289501190185547
0.07459354400634766
0.21962881088256836
0.3971590995788574
0.04880094528198242
0.24119257926940918
0.23383426666259766
0.3865847587585449
0.42502689361572266
0.6205124855041504
0.0879981517791748
0.6805522441864014
1.1920928955078125e-06
0.60361647605896
0.41861462593078613
0.07937502861022949
0.5790846347808838
0.23271751403808594
0.4829442501068115
0.5961756706237793
0.2417595386505127
0.19481468200683594
0.06682324409484863
0.42403626441955566
0.446929931640625
0.24190020561218262
7.152557373046875e-07
0.41616296768188477
0.11402201652526855
0.5864322185516357
0.07165694236755371
0.6242539882659912
0.15482544898986816
0.371920108795166
0.561119556427002
0.22541165351867676
0.360027551651001
0.5470695495605469
0.6609723567962646
0.558807373046875
2.384185791015625e-06
0.06776165962219238
0.13738250732421875
0.6786859035491943
0.23998713493347168
0.10670614242553711
0.5563819408416748
0.4393613338470459
0.2901754379272461
0.29081225395202637
0.6036109924316406
0.39835381507873535
0.17516589164733887
0.12886905670166016
0.5894460678100586
0.6819093227386475
0.3137040138244629
0.3099937438964844
0.6138074398040771
0.483457088470459
0.08581995964050293
0.22783875465393066
4.291534423828125e-06
0.3401322364807129
0.23184466361999512
0.40450572967529297
0.10606598854064941
0.10746955871582031
0.18576693534851074
0.7342743873596191
0.6596152782440186
0.6511611938476562
0.0661017894744873
0.6074197292327881
0.24423503875732422
0.29006481170654297
0.14321494102478027
0.3848414421081543
0.47269248962402344
0.5520329475402832
2.86102294921875e-06
0.23796987533569336
0.2225358486175537
0.4614145755767822
0.5073080062866211
0.32447052001953125
0.4689750671386719
0.5507254600524902
0.10256791114807129
0.12144804000854492
0.09338879585266113
0.47678613662719727
0.5908150672912598
0.10397696495056152
0.17528462409973145
0.373823881149292
0.6280803680419922
0.5646283626556396
0.5871357917785645
0.5044271945953369
0.07570052146911621
0.04831337928771973
0.3269164562225342
0.2264561653137207
0.48731493949890137
0.6015059947967529
0.8263905048370361
0.5507745742797852
0.10396218299865723
0.06971454620361328
0.17824411392211914
0.24440646171569824
1.1920928955078125e-06
0.6853318214416504
0.5935056209564209
0.5799036026000977
0.5756247043609619
0.13637542724609375
0.27662062644958496
0.4900326728820801
0.5625956058502197
0.22119498252868652
0.12376809120178223
0.6071822643280029
0.4856991767883301
0.30911803245544434
0.11175918579101562
0.5738255977630615
4.76837158203125e-07
0.274700403213501
0.47545862197875977
0.09313011169433594
0.3855319023132324
0.09201550483703613
0.6364426612854004
0.39793920516967773
0.1527421474456787
0.5140142440795898
0.5881245136260986
0.5102880001068115
0.46038222312927246
0.18873333930969238
0.08901190757751465
0.2293102741241455
0.04033207893371582
0.13710808753967285
0.07774710655212402
0.5337378978729248
0.4468207359313965
0.4481227397918701
0.6071898937225342
0.2543008327484131
0.33798742294311523
0.5952842235565186
1.1920928955078125e-06
0.10926198959350586
0.5329408645629883
0.16962075233459473
0.6221249103546143
0.5971567630767822
0.19526076316833496
0.5690977573394775
0.26398563385009766
0.10683989524841309
0.10704541206359863
0.7749617099761963
0.7373661994934082
0.5825650691986084
4.76837158203125e-07
0.5134203433990479
0.23909378051757812
0.06641840934753418
0.5780162811279297
0.3157320022583008
0.3274064064025879
0.22695350646972656
0.0593409538269043
0.5489635467529297
0.1568896770477295
0.5427331924438477
3.0994415283203125e-06
0.15528631210327148
0.060151100158691406
0.037039756774902344
0.16394662857055664
0.4247145652770996
0.5249855518341064
0.5935323238372803
0.6887838840484619
0.4080054759979248
0.24686908721923828
0.07474946975708008
0.6291894912719727
0.3618917465209961
0.17374062538146973
0.26579737663269043
0.05924248695373535
0.5131399631500244
0.33418798446655273
0.511502742767334
0.28408145904541016
0.22185826301574707
0.18567728996276855
0.4232640266418457
0.37287187576293945
0.10256171226501465
0.11203932762145996
0.5142042636871338
0.647127628326416
0.0809476375579834
0.06824684143066406
0.7285888195037842
9.5367431640625e-07
0.4074289798736572
0.14955663681030273
0.5352587699890137
0.6527667045593262
0.1308424472808838
0.39679765701293945
0.5220756530761719
0.19621562957763672
0.2530093193054199
0.1743159294128418
0.08597350120544434
0.2522163391113281
0.45500993728637695
0.7003364562988281
0.580345630645752
0.8764772415161133
0.46080732345581055
0.10242152214050293
0.678337812423706
0.1520678997039795
9.5367431640625e-07
0.41458892822265625
0.7072746753692627
0.09268593788146973
0.4466586112976074
0.3151679039001465
0.5642430782318115
3.5762786865234375e-06
0.06070590019226074
0.33452510833740234
0.16090059280395508
0.4169445037841797
0.1242523193359375
0.1055145263671875
0.7170896530151367
0.5502645969390869
0.6928510665893555
0.2573068141937256
0.4724395275115967
0.5727510452270508
0.07101607322692871
0.4915447235107422
0.3415389060974121
0.24125170707702637
0.5640757083892822
0.15060806274414062
0.4849891662597656
0.14964032173156738
0.5533151626586914
7.152557373046875e-07
0.3834803104400635
0.477435827255249
0.10183453559875488
0.10510563850402832
0.3172914981842041
0.2961866855621338
0.07049179077148438
0.6686768531799316
0.31087303161621094
0.43691468238830566
0.2292008399963379
0.31467723846435547
0.5399584770202637
0.1106119155883789
0.6368293762207031
0.4866526126861572
0.5133001804351807
0.13295626640319824
0.2647266387939453
0.5190534591674805
0.6915109157562256
0.4633638858795166
0.3231682777404785
0.10740828514099121
0.10264182090759277
0.5589313507080078
0.09177231788635254
0.7122898101806641
0.2629222869873047
1.430511474609375e-06
0.1783294677734375
0.4314143657684326
0.6086323261260986
0.15985965728759766
0.540790319442749
0.5287723541259766
0.5195314884185791
0.421431303024292
0.45987892150878906
0.6512813568115234
0.4680209159851074
0.1297774314880371
0.1062321662902832
0.32291245460510254
0.10585832595825195
0.2516207695007324
0.08904051780700684
0.7938263416290283
1.1920928955078125e-06
0.46430397033691406
0.13086748123168945
0.28601932525634766
0.5282306671142578
0.3833897113800049
0.47005391120910645
0.1266155242919922
0.5048122406005859
0.08583498001098633
0.1931307315826416
0.1255333423614502
0.5987288951873779
0.10648846626281738
0.42400479316711426
0.1290593147277832
0.5430548191070557
0.3256199359893799
0.7491228580474854
0.8748955726623535
0.7083108425140381
0.2206265926361084
0.4099898338317871
0.13087034225463867
9.5367431640625e-07
0.3571326732635498
0.316267728805542
0.5971965789794922
0.5585169792175293
0.0767672061920166
0.06829667091369629
0.3901026248931885
0.046756744384765625
0.4825561046600342
0.514462947845459
0.7124121189117432
0.1084592342376709
0.7735562324523926
0.32405519485473633
0.2121725082397461
0.702171802520752
0.14006280899047852
0.1528453826904297
7.152557373046875e-07
0.2906301021575928
0.34414052963256836
0.5463225841522217
0.4584505558013916
0.5062298774719238
0.2191159725189209
0.13268566131591797
0.3903071880340576
0.5518143177032471
0.7116134166717529
0.7799065113067627
0.3244917392730713
0.7539372444152832
0.4728071689605713
0.48395586013793945
0.10998964309692383
0.23980355262756348
0.0804133415222168
1.6689300537109375e-06
0.07368206977844238
0.1505897045135498
0.5986325740814209
0.3614180088043213
0.5043947696685791
0.4991872310638428
0.17256379127502441
0.0455322265625
0.16468596458435059
0.3021876811981201
0.39795851707458496
1.1294653415679932
0.45700669288635254
0.5170793533325195
7.152557373046875e-07
0.6192193031311035
0.5732488632202148
0.22153568267822266
0.06482934951782227
0.18883204460144043
0.5476424694061279
0.4443931579589844
0.11732745170593262
0.602269172668457
0.26392436027526855
0.4992365837097168
2.1457672119140625e-06
0.3357250690460205
0.05842018127441406
0.398364782333374
0.09937167167663574
0.26033544540405273
0.11148333549499512
0.7294940948486328
0.6632583141326904
0.21042251586914062
0.4854609966278076
0.0572969913482666
0.3118894100189209
0.17734360694885254
0.47025346755981445
0.5673308372497559
0.2755699157714844
0.6382229328155518
0.4943068027496338
0.5676801204681396
0.5092477798461914
0.07798647880554199
0.48874616622924805
0.05059957504272461
0.29352688789367676
0.4416501522064209
0.3014349937438965
0.09143662452697754
0.7414426803588867
0.15906095504760742
0.4614839553833008
0.1328279972076416
0.3389866352081299
9.5367431640625e-07
0.2931807041168213
0.31698155403137207
0.4818742275238037
0.06507301330566406
0.5639748573303223
0.5252475738525391
0.22418904304504395
0.08320498466491699
0.708453893661499
0.10673689842224121
0.36836934089660645
0.10756301879882812
0.48618173599243164
0.4518282413482666
0.5051069259643555
9.5367431640625e-07
0.17778873443603516
0.1362917423248291
0.5718953609466553
0.18935728073120117
0.5548088550567627
0.40418386459350586
0.10543274879455566
0.5182678699493408
0.5179646015167236
0.45038390159606934
0.2517416477203369
0.08548712730407715
0.08658790588378906
0.49092888832092285
0.4729588031768799
0.24543356895446777
0.5731174945831299
0.5009491443634033
0.3126833438873291
0.6461412906646729
0.5144400596618652
9.5367431640625e-07
0.0625603199005127
0.07297801971435547
0.32236170768737793
0.7076168060302734
0.5200860500335693
0.48669981956481934
0.14767074584960938
0.5280821323394775
0.22943425178527832
0.13621950149536133
0.06476593017578125
0.6459560394287109
0.5379440784454346
0.48505330085754395
0.6920018196105957
0.32486653327941895
0.32431888580322266
0.12234783172607422
0.24582338333129883
9.5367431640625e-07
0.11100125312805176
0.8628549575805664
0.7339179515838623
0.3900928497314453
0.5646560192108154
0.28385400772094727
0.4337146282196045
0.3289952278137207
0.06498551368713379
0.26139092445373535
0.058289527893066406
0.2125248908996582
0.26198625564575195
0.43569397926330566
0.12988519668579102
0.8338217735290527
0.5641820430755615
0.619819164276123
1.430511474609375e-06
0.5454261302947998
0.40284228324890137
0.20342445373535156
0.12459349632263184
0.5257558822631836
0.2662844657897949
0.5065193176269531
0.26734018325805664
0.519472599029541
0.09735274314880371
0.06318330764770508
0.27378273010253906
0.864048957824707
0.7951581478118896
0.4866914749145508
0.30620622634887695
0.09033703804016113
0.5521185398101807
9.5367431640625e-07
0.7097072601318359
0.11693525314331055
0.07972526550292969
0.33573317527770996
0.29691600799560547
0.1999192237854004
0.5063495635986328
0.36536622047424316
0.49254846572875977
0.5089702606201172
0.23349642753601074
0.5935637950897217
0.2941775321960449
0.4796602725982666
0.5882360935211182
0.10513424873352051
0.10056829452514648
0.7052304744720459
0.07902407646179199
0.15540623664855957
0.6107532978057861
1.430511474609375e-06
0.1581430435180664
0.325589656829834
0.3763284683227539
0.10712814331054688
0.5619680881500244
0.3789248466491699
0.6554305553436279
0.5360217094421387
0.09741997718811035
0.1829690933227539
0.5178787708282471
0.29839468002319336
0.2750511169433594
0.4307844638824463
0.12355422973632812
0.10436773300170898
0.10369133949279785
0.753615140914917
0.5025107860565186
0.5334644317626953
0.17947602272033691
7.152557373046875e-07
0.37563061714172363
0.7231993675231934
0.5561838150024414
0.31629371643066406
0.4676496982574463
0.5265400409698486
0.07487201690673828
0.20707464218139648
0.26347804069519043
0.40641307830810547
0.6424160003662109
0.10156869888305664
0.1241750717163086
0.10426115989685059
0.5343856811523438
0.3918919563293457
0.19271278381347656
0.8930466175079346
0.2339181900024414
1.6689300537109375e-06
0.36078858375549316
0.5175583362579346
0.42217469215393066
0.3137519359588623
0.5089306831359863
0.5685958862304688
0.3908963203430176
0.13440203666687012
0.06770515441894531
0.24490070343017578
0.2681124210357666
7.152557373046875e-07
0.43471693992614746
0.3986799716949463
0.0954279899597168
0.691356897354126
0.2869277000427246
0.4214169979095459
0.06769371032714844
0.1807875633239746
0.4184703826904297
0.11353230476379395
0.5450112819671631
0.605954647064209
0.6239125728607178
0.5571897029876709
2.384185791015625e-06
0.29797959327697754
0.11427187919616699
0.39838624000549316
0.339141845703125
0.5555884838104248
0.07100963592529297
0.552837610244751
0.08825540542602539
0.08742046356201172
0.5862252712249756
0.7421431541442871
0.25287294387817383
0.39618492126464844
0.3256683349609375
0.08837270736694336
0.6127471923828125
0.5429973602294922
0.14015483856201172
0.5497918128967285
0.5813257694244385
0.42380499839782715
0.2753784656524658
0.6240472793579102
0.28554844856262207
0.10412955284118652
0.4964423179626465
0.10672211647033691
0.11490607261657715
0.30501413345336914
0.5703222751617432
0.15157580375671387
0.7149982452392578
0.1418924331665039
7.152557373046875e-07
0.3634486198425293
0.5027406215667725
0.23630642890930176
0.5215573310852051
0.5364868640899658
0.0538945198059082
0.09848809242248535
0.07635498046875
0.1992037296295166
0.1924724578857422
0.09369134902954102
0.5141725540161133
0.24699831008911133
0.4530172348022461
0.5172386169433594
0.5460596084594727
0.9006125926971436
0.5821528434753418
1.1920928955078125e-06
0.33802342414855957
0.13021588325500488
0.3888568878173828
0.48618078231811523
0.45040345191955566
0.5414366722106934
0.31583094596862793
0.11759662628173828
0.05604362487792969
0.06821942329406738
0.25267648696899414
0.42714405059814453
0.44496726989746094
0.6787395477294922
0.520164966583252
0.4019918441772461
0.5927155017852783
0.5469846725463867
0.49050474166870117
0.15419936180114746
1.430511474609375e-06
0.1081857681274414
0.761427640914917
0.16856622695922852
0.49205803871154785
0.5586936473846436
6.9141387939453125e-06
0.07350969314575195
0.06295490264892578
0.3603653907775879
0.20371603965759277
0.5216174125671387
0.6560590267181396
0.5178101062774658
0.768031120300293
0.32308101654052734
0.323422908782959
0.11007905006408691
0.10752630233764648
0.7061400413513184
0.43274712562561035
0.13897037506103516
0.26204919815063477
0.6514008045196533
0.5107002258300781
0.4789755344390869
0.14684796333312988
0.41460633277893066
0.274045467376709
0.4621586799621582
0.10102629661560059
0.7099630832672119
0.5517866611480713
0.9065039157867432
0.3005337715148926
0.25335240364074707
0.11473441123962402
9.5367431640625e-07
0.5968408584594727
0.06243085861206055
0.584031343460083
0.32125067710876465
0.4925045967102051
0.3204002380371094
0.15921807289123535
0.5242483615875244
0.10767436027526855
0.0587923526763916
0.7185893058776855
0.43254995346069336
0.5182771682739258
0.10502934455871582
0.10689425468444824
0.31873607635498047
0.7220008373260498
0.7917237281799316
0.25522541999816895
0.6494381427764893
1.430511474609375e-06
0.13221406936645508
0.2699577808380127
0.5766875743865967
0.18016362190246582
0.39939379692077637
0.27068090438842773
0.5526523590087891
2.1457672119140625e-06
0.04105114936828613
0.622955322265625
0.21932482719421387
0.21450543403625488
0.5134012699127197
0.11879348754882812
0.7165267467498779
0.5708210468292236
0.12470221519470215
0.3115956783294678
0.24177813529968262
0.8381507396697998
0.4520909786224365
0.11026620864868164
0.618804931640625
0.6952731609344482
0.3170197010040283
0.2832322120666504
0.5289556980133057
1.9073486328125e-06
0.1018216609954834
0.6498606204986572
0.3530130386352539
0.512174129486084
0.3096439838409424
0.506279468536377
0.3273930549621582
0.12284374237060547
0.9403417110443115
0.10505557060241699
0.23392510414123535
0.6587159633636475
0.1028444766998291
0.5671005249023438
0.3825032711029053
0.48497509956359863
0.16321945190429688
0.3299388885498047
0.5678873062133789
0.06529068946838379
0.22381591796875
0.0607295036315918
0.10612916946411133
0.2897298336029053
0.7879314422607422
0.6804983615875244
0.5041227340698242
0.5363705158233643
4.76837158203125e-07
0.4224867820739746
0.435168981552124
0.19241881370544434
0.11140608787536621
0.19354653358459473
0.3719186782836914
0.5612404346466064
0.7014670372009277
0.482013463973999
0.5418503284454346
0.04812479019165039
1.430511474609375e-06
0.19851398468017578
0.09674501419067383
0.07706379890441895
0.16403961181640625
0.46317267417907715
0.5208497047424316
0.4501481056213379
0.29651379585266113
0.7395157814025879
0.5114119052886963
0.312807559967041
0.1835789680480957
0.26167964935302734
0.38262462615966797
0.5570931434631348
0.5779731273651123
0.4750854969024658
0.5348589420318604
0.05747652053833008
0.06409430503845215
0.0756382942199707
0.6282310485839844
0.2671222686767578
0.4609391689300537
0.6964445114135742
0.5194025039672852
0.5230050086975098
0.2339801788330078
0.186004638671875
9.5367431640625e-07
0.6654150485992432
0.46335363388061523
0.11976981163024902
0.5319128036499023
0.1969761848449707
0.2701382637023926
0.572289228439331
0.5007128715515137
0.09953546524047852
0.29340076446533203
0.5128943920135498
0.5247006416320801
0.7806088924407959
0.3202934265136719
0.7447409629821777
0.27079272270202637
0.09215879440307617
0.780677080154419
0.0799562931060791
1.9073486328125e-06
0.0635221004486084
0.3180050849914551
0.14784979820251465
0.39718031883239746
0.598731517791748
0.25076913833618164
0.42348217964172363
0.5410339832305908
0.06707644462585449
0.6465673446655273
0.5559663772583008
0.7020416259765625
0.524463415145874
0.9391064643859863
0.10538697242736816
0.3265554904937744
0.31467700004577637
0.1077878475189209
0.1325678825378418
0.2168891429901123
0.408921480178833
1.430511474609375e-06
0.15615391731262207
0.28302621841430664
0.39191222190856934
0.5045795440673828
0.45978713035583496
0.5071821212768555
5.4836273193359375e-06
0.11957144737243652
0.05139589309692383
0.06712961196899414
0.3544306755065918
0.22014260292053223
0.10585570335388184
0.31118035316467285
0.4624488353729248
0.8176155090332031
0.6540822982788086
0.14772939682006836
0.4339785575866699
0.4857635498046875
0.5831811428070068
0.34367799758911133
0.5695326328277588
0.4493575096130371
0.17226433753967285
0.5240273475646973
0.5087323188781738
0.056044816970825195
0.19966983795166016
0.10596942901611328
0.2555735111236572
9.5367431640625e-07
0.44693589210510254
0.7109396457672119
0.10468435287475586
0.587937593460083
0.16921401023864746
0.6639771461486816
0.5619757175445557
0.3590271472930908
0.1033322811126709
0.35524916648864746
0.6272487640380859
0.28130555152893066
0.1699674129486084
0.5478084087371826
3.0994415283203125e-06
0.07927989959716797
0.5445876121520996
0.12318730354309082
0.35954880714416504
0.09999799728393555
0.7059695720672607
0.5047585964202881
0.290036678314209
0.49697184562683105
0.11510252952575684
0.31913280487060547
0.4796724319458008
0.5872747898101807
0.12616658210754395
0.630002498626709
0.3564181327819824
0.18961858749389648
0.49767494201660156
0.5120234489440918
0.04803204536437988
0.37270498275756836
0.43351149559020996
0.06668901443481445
0.0809326171875
0.5334272384643555
7.152557373046875e-07
0.7109951972961426
0.6887223720550537
0.6677043437957764
0.2285292148590088
0.602381706237793
0.12349486351013184
0.41170430183410645
0.30936455726623535
0.5971987247467041
0.07300138473510742
0.2665884494781494
0.1424579620361328
0.5717933177947998
0.30407071113586426
0.23006606101989746
0.2640800476074219
0.041597843170166016
0.10354495048522949
0.7682058811187744
0.11104679107666016
0.47396039962768555
0.6446216106414795
0.1433396339416504
1.1920928955078125e-06
0.6653940677642822
0.4273390769958496
0.5383141040802002
0.3458414077758789
0.6546192169189453
0.09518575668334961
0.6020114421844482
0.14199209213256836
0.3478541374206543
2.86102294921875e-06
0.13432884216308594
0.05416226387023926
0.05862307548522949
0.5817341804504395
0.22783279418945312
0.2809104919433594
0.3017878532409668
0.4400975704193115
0.5544083118438721
0.5538082122802734
0.12539148330688477
0.7298791408538818
0.18315696716308594
0.3750739097595215
0.6011693477630615
0.46058058738708496
0.36779236793518066
0.5330431461334229
0.5176076889038086
0.13106107711791992
0.7145376205444336
0.5865380764007568
0.4306986331939697
0.13053107261657715
0.5252809524536133
0.09961342811584473
0.3216879367828369
0.09056854248046875
0.2532622814178467
0.7791919708251953
1.1920928955078125e-06
0.060022830963134766
0.31668806076049805
0.3093430995941162
0.5170910358428955
0.5390074253082275
0.3880126476287842
0.16607046127319336
0.48946499824523926
9.5367431640625e-07
0.08142662048339844
0.39818692207336426
0.09858822822570801
0.4684567451477051
0.5228550434112549
0.7885305881500244
0.1007394790649414
0.2713501453399658
0.2291252613067627
0.2132740020751953
0.6695568561553955
0.2585792541503906
0.619192361831665
0.7400507926940918
0.3694736957550049
0.0806121826171875
0.3157505989074707
0.5249598026275635
0.5061671733856201
0.10512590408325195
0.06069135665893555
0.27957963943481445
0.45557379722595215
0.7011308670043945
0.46941041946411133
0.576662540435791
0.10628509521484375
0.8996400833129883
0.4438192844390869
0.2404022216796875
0.22617363929748535
0.12850642204284668
0.1492161750793457
1.430511474609375e-06
0.5356776714324951
0.5899016857147217
0.2924363613128662
0.4876713752746582
0.48903894424438477
0.08110475540161133
0.06833291053771973
0.4218568801879883
0.5219953060150146
0.10893464088439941
0.45913219451904297
0.32910799980163574
0.7927713394165039
0.2335646152496338
0.1599280834197998
1.6689300537109375e-06
0.44659972190856934
0.3221447467803955
0.12015891075134277
0.18053293228149414
0.5774376392364502
0.35385870933532715
0.6163523197174072
0.5254178047180176
0.489727258682251
0.042620182037353516
0.058800697326660156
1.430511474609375e-06
0.47696805000305176
0.14308571815490723
0.26743102073669434
0.10551023483276367
0.28142476081848145
0.4615323543548584
0.763974666595459
0.5121743679046631
0.6411070823669434
0.34779834747314453
0.2710702419281006
0.4053688049316406
0.06644582748413086
0.1424722671508789
0.34641385078430176
0.5549371242523193
0.5512590408325195
0.34838414192199707
0.2187352180480957
0.23443126678466797
0.5849466323852539
0.5231106281280518
0.10400581359863281
0.6700844764709473
0.10865426063537598
0.24221467971801758
0.09372496604919434
9.5367431640625e-07
0.7397799491882324
0.3746607303619385
0.16800928115844727
0.614727258682251
0.09493064880371094
0.6551580429077148
0.5975275039672852
0.2787606716156006
0.494525671005249
0.23717355728149414
0.18421697616577148
0.08771514892578125
0.09137463569641113
0.48680853843688965
4.76837158203125e-07
0.4583134651184082
0.11023592948913574
0.08027005195617676
0.6640539169311523
0.7676784992218018
0.13839244842529297
0.3935532569885254
0.6925811767578125
0.3484773635864258
0.5288991928100586
0.3216228485107422
0.46664929389953613
0.1737070083618164
0.547696590423584
2.6226043701171875e-06
0.20209002494812012
0.09009003639221191
0.21668457984924316
0.054491281509399414
0.4434225559234619
0.24841594696044922
0.49494361877441406
0.762376070022583
0.3141918182373047
0.7778975963592529
0.09601259231567383
0.5880675315856934
0.6504411697387695
0.3410000801086426
0.2576303482055664
0.5474228858947754
0.06129717826843262
0.28142285346984863
0.49716806411743164
0.07995009422302246
0.27797913551330566
1.1920928955078125e-06
0.05946040153503418
0.18837904930114746
0.3443310260772705
0.4214060306549072
0.46939897537231445
0.10755276679992676
0.6788256168365479
0.60434889793396
0.16663289070129395
0.36079835891723633
0.25545382499694824
0.10309457778930664
0.5943610668182373
0.5274245738983154
0.34909820556640625
0.5554683208465576
0.48790502548217773
0.17580962181091309
0.4107363224029541
0.18909025192260742
0.4075956344604492
0.10639691352844238
0.3011040687561035
0.6557447910308838
0.743798017501831
0.21462368965148926
0.3569490909576416
0.09071588516235352
0.5496871471405029
0.21952605247497559
7.152557373046875e-07
0.5538380146026611
0.39399123191833496
0.07427453994750977
0.2949249744415283
0.5018961429595947
0.570178747177124
0.060178518295288086
0.2597041130065918
0.4737575054168701
0.4083518981933594
0.44217586517333984
0.5213363170623779
7.152557373046875e-07
0.1058051586151123
0.1074361801147461
0.2910151481628418
0.5982608795166016
0.6986739635467529
0.16275787353515625
0.3840031623840332
0.19371581077575684
0.14198827743530273
0.5042662620544434
0.6892242431640625
0.5245175361633301
0.5445976257324219
0.19362735748291016
0.12921953201293945
0.06143641471862793
0.11281895637512207
0.23543620109558105
0.468900203704834
0.717219352722168
0.46228766441345215
7.152557373046875e-07
0.6183373928070068
0.2508265972137451
0.5915994644165039
0.06284189224243164
0.17610406875610352
0.4848344326019287
0.5763685703277588
0.6315536499023438
0.25037240982055664
0.12837648391723633
0.49625539779663086
0.3411221504211426
4.5299530029296875e-06
0.06263136863708496
0.20862746238708496
0.20390629768371582
0.16953229904174805
0.34786057472229004
0.11238789558410645
0.08085417747497559
0.3889291286468506
0.5257000923156738
0.17061734199523926
0.274273157119751
0.5415940284729004
0.0760183334350586
0.4128751754760742
0.5215229988098145
0.5764679908752441
0.502446174621582
0.49767065048217773
0.4590334892272949
0.06975936889648438
0.2752115726470947
0.38011908531188965
0.4191322326660156
0.7592923641204834
0.10144209861755371
0.11085724830627441
0.5325870513916016
0.48551201820373535
0.6474130153656006
0.17962241172790527
0.1963026523590088
0.17615914344787598
7.152557373046875e-07
0.3729739189147949
0.07054638862609863
0.588040828704834
0.44046449661254883
0.5015304088592529
0.2310781478881836
0.0718545913696289
0.5463240146636963
0.11910629272460938
0.5192604064941406
0.5227560997009277
0.8346655368804932
0.32306623458862305
0.11408257484436035
0.7851896286010742
0.09561777114868164
0.1940004825592041
9.5367431640625e-07
0.5432350635528564
0.32749199867248535
0.2526273727416992
0.5764470100402832
0.12829160690307617
0.2800137996673584
0.49219655990600586
0.06983232498168945
0.2291698455810547
0.3819735050201416
0.5140037536621094
0.4334702491760254
0.12256526947021484
0.5427193641662598
0.25716519355773926
0.6128826141357422
0.6743478775024414
0.08651018142700195
0.22307729721069336
0.183150053024292
1.430511474609375e-06
0.4907796382904053
0.6022112369537354
0.11075878143310547
0.6157736778259277
0.4942798614501953
0.4929206371307373
0.23166823387145996
0.17041683197021484
0.2967817783355713
0.06929206848144531
0.461118221282959
0.5202474594116211
0.1128692626953125
0.8950450420379639
0.27985548973083496
0.7192072868347168
0.18349051475524902
7.152557373046875e-07
0.32700252532958984
0.5780713558197021
0.07280302047729492
0.4312570095062256
0.5204489231109619
0.5915124416351318
0.4619014263153076
0.3242204189300537
0.04388618469238281
0.14624333381652832
0.47814154624938965
0.4702742099761963
0.5430397987365723
0.678823709487915
0.11931657791137695
0.3224177360534668
1.1920928955078125e-06
0.5704140663146973
0.6631600856781006
0.9161114692687988
0.23713421821594238
0.07297396659851074
0.1475214958190918
0.2694556713104248
0.582252025604248
0.5210466384887695
0.16073036193847656
0.5298252105712891
0.6494174003601074
0.24274587631225586
0.4674391746520996
0.49761056900024414
0.7037656307220459
0.12810778617858887
0.10553693771362305
0.5928013324737549
0.28972911834716797
0.07075333595275879
0.06405091285705566
0.6684963703155518
0.293285608291626
0.12371635437011719
9.5367431640625e-07
0.3333721160888672
0.48763298988342285
0.44466328620910645
0.16286587715148926
0.5410177707672119
0.12250685691833496
0.05922985076904297
0.05100250244140625
0.20184969902038574
0.8121635913848877
0.5225861072540283
0.5083856582641602
0.29304075241088867
0.7271108627319336
1.1920928955078125e-06
0.6220815181732178
0.2740437984466553
0.1549694538116455
0.3660547733306885
0.45070767402648926
0.20743632316589355
0.10755228996276855
0.5382814407348633
0.5724120140075684
0.5029864311218262
0.35327911376953125
0.04778766632080078
0.21633267402648926
0.8145105838775635
0.7770912647247314
0.11214661598205566
0.6060135364532471
9.5367431640625e-07
0.736736536026001
0.10346198081970215
0.32528066635131836
0.2815580368041992
0.6213638782501221
0.09784245491027832
0.1461961269378662
0.18421530723571777
0.343097448348999
0.35880279541015625
0.5129871368408203
0.5357248783111572
0.05694460868835449
0.2131824493408203
0.09702777862548828
0.048619985580444336
0.44435548782348633
0.494797945022583
0.3407139778137207
0.6857552528381348
0.7961325645446777
0.07076001167297363
0.14741730690002441
1.430511474609375e-06
0.4596891403198242
0.2822260856628418
0.502528190612793
0.3692758083343506
0.4155254364013672
0.543079137802124
0.15420126914978027
0.541947603225708
1.430511474609375e-06
0.16603469848632812
0.3021535873413086
0.06644582748413086
0.1057271957397461
0.274507999420166
0.4723987579345703
0.6827032566070557
0.42754650115966797
0.14169025421142578
0.6218490600585938
0.40209197998046875
0.08785271644592285
0.060334205627441406
0.16679167747497559
0.36180806159973145
0.6011857986450195
0.46740102767944336
0.5197303295135498
0.5427122116088867
