0.050594329833984375
0.0018801689147949219
0.0034780502319335938
0.0024175643920898438
0.0029430389404296875
0.0008766651153564453
0.0020995140075683594
0.0007636547088623047
0.00473332405090332
0.004359006881713867
4.76837158203125e-07
0.000499725341796875
0.0022101402282714844
0.0026476383209228516
0.003972768783569336
0.0016644001007080078
0.004412651062011719
0.0036687850952148438
0.003878355026245117
0.0005536079406738281
0.004488706588745117
0.007020711898803711
0.0033791065216064453
0.016368627548217773
0.03373217582702637
0.0013697147369384766
0.004282951354980469
0.0006189346313476562
0.0017638206481933594
0.0013496875762939453
0.004730701446533203
0.0018873214721679688
4.76837158203125e-07
0.0019941329956054688
0.0037584304809570312
0.0027534961700439453
0.00041794776916503906
0.004681825637817383
0.002195119857788086
0.0023546218872070312
0.011874914169311523
0.009999990463256836
0.0015082359313964844
0.002554178237915039
0.0014755725860595703
0.005368709564208984
0.007061004638671875
9.5367431640625e-07
0.0009424686431884766
0.0034918785095214844
0.003955841064453125
0.0023779869079589844
0.0007588863372802734
0.002983570098876953
0.005077838897705078
0.004809379577636719
0.0034766197204589844
0.0017478466033935547
0.003916025161743164
0.0012259483337402344
0.007993221282958984
0.005276203155517578
0.006691694259643555
1.430511474609375e-06
0.005443096160888672
0.00420689582824707
0.0037877559661865234
0.0023047924041748047
0.006341218948364258
0.0011935234069824219
0.003143310546875
0.004018545150756836
0.002633810043334961
0.0024127960205078125
0.00542449951171875
0.0015940666198730469
0.001268148422241211
0.00048613548278808594
0.003390073776245117
0.0005743503570556641
0.0018815994262695312
0.0027108192443847656
0.003027200698852539
0.005121707916259766
0.0008995532989501953
0.009232759475708008
0.0042951107025146484
0.0043561458587646484
0.0022199153900146484
0.0028498172760009766
0.0023310184478759766
0.005055904388427734
0.005217313766479492
7.152557373046875e-07
0.0035250186920166016
0.0024366378784179688
0.0029325485229492188
0.003917217254638672
0.0005619525909423828
0.0034232139587402344
0.007116556167602539
0.02350759506225586
0.0010380744934082031
0.022561311721801758
0.02415180206298828
0.0020503997802734375
0.009930610656738281
0.0017554759979248047
0.0011260509490966797
0.002705097198486328
0.0016701221466064453
0.003902435302734375
0.0020117759704589844
0.003777742385864258
0.004407167434692383
0.002282857894897461
0.0036153793334960938
7.152557373046875e-07
0.004870176315307617
0.001361846923828125
0.0034186840057373047
0.0015180110931396484
0.0023682117462158203
0.007966041564941406
0.004286289215087891
0.0040433406829833984
0.005089759826660156
0.014413595199584961
0.003465890884399414
0.0032711029052734375
0.006606340408325195
0.004656314849853516
7.152557373046875e-07
0.0010371208190917969
0.0018413066864013672
0.0059168338775634766
0.0021486282348632812
0.0006215572357177734
0.0009295940399169922
0.0038793087005615234
0.014322042465209961
0.03357076644897461
2.1696090698242188e-05
0.010175466537475586
0.00426030158996582
0.0026726722717285156
0.004109621047973633
0.0020227432250976562
0.00735020637512207
0.005098581314086914
0.0009868144989013672
0.0006430149078369141
0.002183198928833008
0.002811431884765625
0.00124359130859375
0.005056858062744141
0.0022096633911132812
0.0003712177276611328
0.0006165504455566406
0.0033321380615234375
0.0018587112426757812
0.003787517547607422
0.0016636848449707031
0.010115861892700195
0.0035495758056640625
0.006093263626098633
0.006441593170166016
0.005114316940307617
0.0008647441864013672
0.002984762191772461
7.152557373046875e-07
0.0005967617034912109
0.002215147018432617
0.001409292221069336
0.001519918441772461
0.0048847198486328125
0.002642393112182617
0.00046133995056152344
0.0036127567291259766
0.004467010498046875
0.0063631534576416016
0.002532482147216797
0.005223989486694336
0.0070230960845947266
0.007085323333740234
0.006792545318603516
0.004908084869384766
0.0054950714111328125
0.0034170150756835938
0.0028505325317382812
0.003205537796020508
0.001348257064819336
0.0011105537414550781
7.152557373046875e-07
0.0014679431915283203
0.002341747283935547
0.0004019737243652344
0.0004546642303466797
0.0005986690521240234
0.0014996528625488281
0.006302833557128906
0.002798795700073242
0.004536628723144531
0.004815101623535156
0.005431413650512695
0.0008471012115478516
0.0019140243530273438
0.0016620159149169922
0.0020723342895507812
0.0043981075286865234
0.0033011436462402344
0.004205942153930664
0.003094911575317383
0.0006756782531738281
4.76837158203125e-07
0.0004000663757324219
0.0006656646728515625
0.005139350891113281
0.0014657974243164062
0.0025615692138671875
0.0018641948699951172
0.002866983413696289
0.0035295486450195312
0.004887104034423828
0.008490324020385742
0.006517171859741211
0.002484560012817383
0.0011909008026123047
0.003833293914794922
4.291534423828125e-06
0.0030257701873779297
0.004501819610595703
0.004405021667480469
0.003581523895263672
0.0014507770538330078
0.0006213188171386719
0.0010094642639160156
0.003145933151245117
0.0030269622802734375
0.0038847923278808594
0.0057833194732666016
0.006706953048706055
0.0052754878997802734
2.1457672119140625e-06
0.002856016159057617
0.0015702247619628906
0.001299142837524414
0.0035631656646728516
0.004874467849731445
0.003159046173095703
0.005275726318359375
0.0022230148315429688
0.00337982177734375
0.0017256736755371094
0.001772165298461914
0.004098653793334961
0.002672433853149414
0.0054814815521240234
0.00045037269592285156
0.00045752525329589844
0.0057375431060791016
0.015232324600219727
0.0020716190338134766
0.012707948684692383
0.004619598388671875
0.0008292198181152344
0.009546518325805664
0.007861852645874023
0.0035173892974853516
0.004092216491699219
0.0049877166748046875
4.76837158203125e-07
0.0028879642486572266
0.0020902156829833984
0.0006568431854248047
0.0013949871063232422
0.002118349075317383
0.0004253387451171875
0.001992940902709961
0.0039010047912597656
0.013732194900512695
0.004220485687255859
2.384185791015625e-06
0.0014722347259521484
0.0013322830200195312
0.003850221633911133
0.0034694671630859375
0.007357597351074219
0.001010894775390625
0.0015370845794677734
0.015459299087524414
0.0027761459350585938
0.0012485980987548828
0.002384662628173828
0.0043659210205078125
0.0015919208526611328
0.004561424255371094
0.0037505626678466797
0.0024874210357666016
0.0028214454650878906
0.003166675567626953
0.00781869888305664
0.006293296813964844
0.0033621788024902344
7.152557373046875e-07
0.0026454925537109375
0.0040814876556396484
0.004305362701416016
0.0011739730834960938
0.007185220718383789
0.0032210350036621094
0.00497746467590332
0.0030622482299804688
0.0008394718170166016
0.0021483898162841797
0.001466989517211914
0.004351139068603516
0.0006945133209228516
0.0016562938690185547
0.0006344318389892578
0.01465463638305664
0.009713411331176758
0.006573677062988281
0.0036873817443847656
0.006603717803955078
0.0016934871673583984
0.0058367252349853516
0.0033681392669677734
0.0013172626495361328
0.0020787715911865234
0.004162788391113281
1.1920928955078125e-06
0.0026192665100097656
0.0004267692565917969
0.0007238388061523438
0.0028493404388427734
0.0016927719116210938
0.0027112960815429688
0.0038709640502929688
0.00045609474182128906
0.024157285690307617
5.4836273193359375e-06
0.02008509635925293
0.0011394023895263672
0.0016751289367675781
0.0009438991546630859
0.007696390151977539
0.0058095455169677734
0.0009462833404541016
0.002555370330810547
0.0029325485229492188
0.0016100406646728516
0.005596637725830078
0.0013363361358642578
0.004900455474853516
0.0028874874114990234
0.002794981002807617
0.002463817596435547
0.0035400390625
0.0004799365997314453
0.00897216796875
0.002931356430053711
0.008200645446777344
0.0006902217864990234
0.0010504722595214844
0.0018470287322998047
0.004637718200683594
0.002595663070678711
0.005495548248291016
0.0017085075378417969
0.003130197525024414
0.00475621223449707
0.002234935760498047
0.003292560577392578
0.003809690475463867
4.76837158203125e-07
0.0008296966552734375
0.002443552017211914
0.0036764144897460938
0.003912448883056641
0.0014233589172363281
0.006752967834472656
0.0032973289489746094
0.03194832801818848
0.0009555816650390625
0.0027260780334472656
0.0017552375793457031
0.0019779205322265625
0.0025026798248291016
0.000766754150390625
4.5299530029296875e-06
0.005884647369384766
0.00642848014831543
0.004960775375366211
0.0051229000091552734
0.0028760433197021484
0.002629995346069336
0.0022764205932617188
0.0024704933166503906
0.00139617919921875
0.00420069694519043
0.006101846694946289
0.003116607666015625
0.0005390644073486328
0.000762939453125
0.0037336349487304688
0.005936384201049805
0.0067555904388427734
0.0014874935150146484
0.0029468536376953125
0.0037453174591064453
0.003248929977416992
0.004364013671875
0.007333278656005859
9.5367431640625e-07
0.002216339111328125
0.001239776611328125
0.0025510787963867188
0.00449824333190918
0.004221677780151367
0.0018854141235351562
0.024389982223510742
0.016695737838745117
0.003384828567504883
0.002559661865234375
5.4836273193359375e-06
0.005118608474731445
0.004425525665283203
0.0006601810455322266
0.0007100105285644531
0.0037212371826171875
0.0005860328674316406
0.003900766372680664
0.002305269241333008
0.001725912094116211
0.0003819465637207031
0.0025136470794677734
0.0015320777893066406
0.004377841949462891
0.002569437026977539
0.006490230560302734
0.0052378177642822266
0.0008435249328613281
0.0009615421295166016
0.004864931106567383
0.008186101913452148
0.002786397933959961
0.0014045238494873047
0.004558086395263672
0.0019791126251220703
0.0014688968658447266
9.5367431640625e-07
0.004175901412963867
0.0017724037170410156
0.0015301704406738281
0.0004181861877441406
0.0031158924102783203
0.002207040786743164
0.003909587860107422
0.004290580749511719
0.0022978782653808594
0.005964517593383789
0.006196498870849609
0.018171072006225586
0.0032303333282470703
0.0021088123321533203
1.430511474609375e-06
0.007315397262573242
0.005420684814453125
0.0013911724090576172
0.0032858848571777344
0.00039005279541015625
0.0015413761138916016
0.001725912094116211
0.003225088119506836
0.005462646484375
0.004899740219116211
0.0032269954681396484
0.0008573532104492188
0.0005900859832763672
0.0060558319091796875
0.0018045902252197266
0.002695798873901367
1.6689300537109375e-06
0.0018622875213623047
0.005011558532714844
0.0035369396209716797
0.008333444595336914
0.003750324249267578
0.004202604293823242
0.0022630691528320312
0.0005173683166503906
0.002351999282836914
0.0039615631103515625
0.003879070281982422
0.004015207290649414
0.0012302398681640625
0.00040650367736816406
0.0018587112426757812
0.0014564990997314453
0.036811113357543945
0.0024487972259521484
0.0017442703247070312
9.5367431640625e-07
0.002244234085083008
0.004443645477294922
0.0017349720001220703
0.0050389766693115234
0.003220796585083008
0.004039287567138672
0.004669666290283203
0.0010535717010498047
0.004132986068725586
0.004334211349487305
0.002474546432495117
0.0012660026550292969
0.00046706199645996094
0.004764080047607422
0.0017206668853759766
0.0040302276611328125
0.007992982864379883
0.007834196090698242
0.005834102630615234
0.004762172698974609
0.008077383041381836
0.0016274452209472656
0.0013294219970703125
4.76837158203125e-07
0.002840757369995117
0.0018939971923828125
0.0028934478759765625
0.0037467479705810547
0.0006074905395507812
0.0027153491973876953
0.0005040168762207031
0.0014395713806152344
0.0005626678466796875
0.004064321517944336
0.0024154186248779297
0.00044989585876464844
0.00620722770690918
0.005711078643798828
0.007187366485595703
0.004954814910888672
4.0531158447265625e-06
0.0014011859893798828
0.0011782646179199219
0.006620168685913086
0.002707242965698242
0.0018625259399414062
0.004655361175537109
0.0032258033752441406
0.0006606578826904297
0.0018260478973388672
0.0015201568603515625
0.00561833381652832
0.004845380783081055
0.0016565322875976562
0.0031785964965820312
0.0006413459777832031
1.430511474609375e-06
0.005530834197998047
0.003354787826538086
0.0018570423126220703
0.007068634033203125
0.004548788070678711
0.003004312515258789
0.001547098159790039
0.0023996829986572266
0.0008330345153808594
0.0037419795989990234
0.004214763641357422
0.004317522048950195
0.0005891323089599609
0.0015780925750732422
0.004500627517700195
0.0025250911712646484
0.002330780029296875
0.0007817745208740234
0.003856658935546875
0.011731386184692383
0.00862574577331543
0.014265775680541992
0.005093812942504883
0.0020606517791748047
9.5367431640625e-07
0.0025932788848876953
0.0032205581665039062
0.004353046417236328
0.0024755001068115234
0.0005881786346435547
0.0012035369873046875
0.0004482269287109375
0.0027227401733398438
0.00039458274841308594
0.0012254714965820312
0.0033774375915527344
0.0005514621734619141
0.004721403121948242
0.003659963607788086
0.0012972354888916016
0.004488706588745117
1.6689300537109375e-06
0.010433673858642578
0.0018706321716308594
0.0037746429443359375
0.003518342971801758
0.0021514892578125
0.0039212703704833984
0.0012812614440917969
0.0039520263671875
0.0018601417541503906
0.004414558410644531
0.005087137222290039
0.004166364669799805
0.003710508346557617
0.0020515918731689453
0.001390218734741211
0.0013842582702636719
0.002454042434692383
5.9604644775390625e-06
0.0022356510162353516
0.007519245147705078
0.0037355422973632812
0.00218963623046875
0.005718231201171875
0.0009877681732177734
0.0008111000061035156
0.003786325454711914
0.004927396774291992
0.003256082534790039
0.003751993179321289
0.0008301734924316406
0.005214691162109375
0.002458810806274414
0.0014791488647460938
0.005140066146850586
0.004076480865478516
0.001291036605834961
0.002206563949584961
0.012644767761230469
0.006294727325439453
0.0007028579711914062
0.0006816387176513672
0.001257181167602539
0.0014355182647705078
0.003082275390625
0.0040514469146728516
0.002657651901245117
0.0044405460357666016
1.1920928955078125e-06
0.0044918060302734375
0.0004508495330810547
0.0034067630767822266
0.000614166259765625
0.00496983528137207
0.0019364356994628906
0.0017137527465820312
0.003886699676513672
0.00325775146484375
0.008705854415893555
0.0018355846405029297
0.004845142364501953
0.0049860477447509766
0.001405477523803711
0.004996299743652344
0.0018281936645507812
0.006131410598754883
0.002904653549194336
0.007343769073486328
0.002523183822631836
7.152557373046875e-07
0.003925323486328125
0.0020711421966552734
0.004458904266357422
0.0026922225952148438
0.0024967193603515625
0.0038721561431884766
0.00040459632873535156
0.0004153251647949219
1.430511474609375e-06
0.005040884017944336
0.012710332870483398
0.00139617919921875
0.0009407997131347656
0.002566099166870117
0.003226757049560547
0.01379537582397461
0.005753040313720703
0.0030241012573242188
0.001786947250366211
0.0051305294036865234
0.003367185592651367
0.0013074874877929688
0.003938436508178711
0.004592180252075195
0.00048041343688964844
0.002516031265258789
0.0006296634674072266
0.0017993450164794922
0.0032851696014404297
0.0033440589904785156
0.0008876323699951172
0.005532979965209961
0.001367807388305664
0.0014603137969970703
0.006522417068481445
0.0052835941314697266
0.002858400344848633
0.007206439971923828
0.00420832633972168
0.0023338794708251953
0.0011298656463623047
0.004134654998779297
0.003139972686767578
0.001705169677734375
4.76837158203125e-07
0.0025861263275146484
0.0010564327239990234
0.004411220550537109
0.004909038543701172
0.003972530364990234
0.004340171813964844
0.0052373409271240234
0.002300262451171875
0.008725643157958984
0.011873006820678711
0.005341529846191406
0.005934000015258789
0.006901264190673828
0.0012297630310058594
0.002208709716796875
0.001905202865600586
0.0034372806549072266
4.76837158203125e-07
0.0015194416046142578
0.0029354095458984375
0.0007855892181396484
0.0004227161407470703
0.00043487548828125
0.002160310745239258
0.004649162292480469
0.0008707046508789062
0.0048410892486572266
0.0033876895904541016
0.008588552474975586
0.007841825485229492
0.0026886463165283203
0.001066446304321289
0.0021126270294189453
0.002565145492553711
0.0035238265991210938
9.5367431640625e-07
0.0007681846618652344
0.00414586067199707
0.004252910614013672
0.0037081241607666016
0.002706766128540039
0.004618644714355469
0.00040411949157714844
0.0011186599731445312
4.76837158203125e-06
0.0010204315185546875
0.006069660186767578
0.0020837783813476562
0.004614114761352539
0.0060350894927978516
0.0076406002044677734
0.0047643184661865234
0.0013344287872314453
0.0027463436126708984
0.0022280216217041016
0.002715587615966797
0.006508827209472656
0.003553152084350586
0.004580259323120117
0.0036177635192871094
0.00039768218994140625
0.0026988983154296875
0.0022933483123779297
0.0050847530364990234
0.0011227130889892578
0.006995201110839844
0.004457950592041016
0.007505893707275391
0.0017251968383789062
0.004168033599853516
0.0056917667388916016
0.004256725311279297
0.0017175674438476562
0.004672050476074219
0.0020530223846435547
0.002411365509033203
0.0040166378021240234
7.152557373046875e-07
0.0028841495513916016
0.0005404949188232422
0.0015065670013427734
0.0013146400451660156
0.0005164146423339844
0.011231660842895508
0.0021479129791259766
0.0037589073181152344
0.005625247955322266
0.007847309112548828
0.004901409149169922
0.004422187805175781
0.0018491744995117188
0.0010755062103271484
0.0017726421356201172
0.0038089752197265625
0.003037691116333008
0.0031633377075195312
0.0007586479187011719
0.0008656978607177734
0.004591464996337891
4.76837158203125e-07
0.0015187263488769531
0.00046753883361816406
0.00404810905456543
0.002281665802001953
1.9073486328125e-06
0.002492189407348633
0.0026769638061523438
0.002820253372192383
0.00443577766418457
0.0005135536193847656
0.005753517150878906
0.0062656402587890625
0.0019350051879882812
0.007189750671386719
0.0030999183654785156
0.0017552375793457031
0.0007171630859375
0.003666400909423828
0.0004181861877441406
0.0027675628662109375
0.0027382373809814453
0.0044803619384765625
0.00428318977355957
0.001287221908569336
0.007576465606689453
0.012936830520629883
0.004531145095825195
0.007910728454589844
0.010380983352661133
0.006060123443603516
0.003449678421020508
0.0028162002563476562
0.001459360122680664
0.0036330223083496094
0.003713369369506836
1.6689300537109375e-06
0.0012273788452148438
0.0018439292907714844
0.0009469985961914062
0.0043048858642578125
0.0011262893676757812
0.0025348663330078125
0.0003662109375
0.0033893585205078125
0.0015797615051269531
0.004017353057861328
1.6689300537109375e-06
0.0041425228118896484
0.009176969528198242
0.0023298263549804688
0.0033025741577148438
0.004697084426879883
0.0035429000854492188
0.006406068801879883
0.0010366439819335938
0.006144285202026367
0.0008831024169921875
0.006598472595214844
0.005812168121337891
0.003773927688598633
0.002010345458984375
0.0005857944488525391
0.002699136734008789
0.004996299743652344
0.0015873908996582031
0.00828242301940918
0.0012722015380859375
0.0069141387939453125
0.005381345748901367
0.0015740394592285156
0.0010356903076171875
0.0053615570068359375
0.005394458770751953
0.0028946399688720703
0.002203226089477539
0.003969907760620117
0.004550457000732422
0.0018029212951660156
4.76837158203125e-07
0.0027952194213867188
0.0005552768707275391
0.0016834735870361328
0.0026421546936035156
0.006103515625
0.0036301612854003906
0.006781816482543945
0.008035421371459961
0.0042877197265625
3.5762786865234375e-06
0.004194021224975586
0.005532264709472656
0.0009989738464355469
0.00542902946472168
0.0012149810791015625
0.004808902740478516
0.0011670589447021484
0.00220489501953125
0.004406452178955078
0.0036258697509765625
0.00057220458984375
0.0003864765167236328
0.0015306472778320312
0.0014538764953613281
0.005181312561035156
0.0022995471954345703
0.008668184280395508
0.005214691162109375
0.0022449493408203125
0.0021495819091796875
0.002041339874267578
9.5367431640625e-07
0.0014121532440185547
0.005377054214477539
0.0006940364837646484
0.005084037780761719
0.006389141082763672
0.0037696361541748047
0.0005943775177001953
0.002592802047729492
0.0014495849609375
0.0029261112213134766
0.003874540328979492
0.002366781234741211
0.03427577018737793
0.0021653175354003906
0.00496363639831543
0.007298469543457031
7.152557373046875e-07
0.002415895462036133
0.003381967544555664
0.0014309883117675781
0.003568887710571289
0.004270315170288086
0.0012373924255371094
0.0017194747924804688
0.0021419525146484375
0.005572795867919922
0.00045990943908691406
0.0037496089935302734
0.005891084671020508
0.0009038448333740234
0.0037522315979003906
0.0031023025512695312
0.004135847091674805
0.0040514469146728516
0.005413055419921875
0.001817941665649414
0.0034532546997070312
0.006253242492675781
0.0008263587951660156
0.007142066955566406
0.0024595260620117188
0.0031070709228515625
0.005202531814575195
0.01394033432006836
0.003133058547973633
0.0010027885437011719
0.0015649795532226562
0.0019075870513916016
0.004065036773681641
7.152557373046875e-07
0.0006561279296875
0.0027496814727783203
0.007272005081176758
0.002554655075073242
2.384185791015625e-06
0.0018813610076904297
0.0057451725006103516
0.0012538433074951172
0.004724025726318359
0.002678394317626953
0.0035300254821777344
0.0012454986572265625
0.0044710636138916016
0.0022542476654052734
0.0039386749267578125
0.0008282661437988281
0.0040357112884521484
0.0014770030975341797
0.0029103755950927734
0.004745960235595703
0.002571582794189453
0.005799770355224609
0.016234159469604492
0.006356477737426758
0.007613420486450195
0.004040718078613281
0.005443572998046875
1.1920928955078125e-06
0.0016682147979736328
0.005503416061401367
0.0016574859619140625
0.0045413970947265625
0.003957271575927734
0.003937959671020508
0.0013427734375
0.002297639846801758
0.0011265277862548828
0.0025174617767333984
0.003907442092895508
0.0025022029876708984
0.0005471706390380859
0.0004756450653076172
0.007846832275390625
0.0017690658569335938
0.005194187164306641
0.0045087337493896484
0.0017724037170410156
0.0007688999176025391
0.002469778060913086
0.0006513595581054688
0.002420663833618164
0.002645254135131836
0.0004723072052001953
1.430511474609375e-06
0.004694461822509766
0.002833843231201172
0.004426240921020508
0.004039287567138672
0.0005488395690917969
0.0016913414001464844
0.003826141357421875
0.0022068023681640625
0.0025768280029296875
0.010965108871459961
0.005100727081298828
0.004555940628051758
0.003606557846069336
0.0017931461334228516
0.0019040107727050781
0.0021028518676757812
7.152557373046875e-07
0.0010731220245361328
0.0061914920806884766
0.00373077392578125
0.0044596195220947266
0.0012483596801757812
0.0040395259857177734
0.003669261932373047
0.0023088455200195312
0.0004820823669433594
0.0015246868133544922
0.004471778869628906
0.001432180404663086
0.006548643112182617
0.0021402835845947266
0.008687257766723633
0.0012035369873046875
2.1457672119140625e-06
0.003136157989501953
0.002562999725341797
0.005982160568237305
0.005527019500732422
0.007419109344482422
0.003956317901611328
0.0009479522705078125
0.005532741546630859
0.004712343215942383
0.0005857944488525391
0.0014700889587402344
0.002457857131958008
0.0025920867919921875
0.0012176036834716797
0.006997108459472656
0.0008783340454101562
0.00437617301940918
0.008337020874023438
0.012176990509033203
0.0054395198822021484
0.006834983825683594
0.004312276840209961
0.0014905929565429688
0.002001047134399414
0.0024378299713134766
4.76837158203125e-07
0.003898143768310547
0.0031082630157470703
0.004081249237060547
0.0016672611236572266
0.0006222724914550781
0.0024194717407226562
0.0016069412231445312
0.0003962516784667969
0.01454472541809082
0.0007867813110351562
0.003489971160888672
0.007407665252685547
0.004057645797729492
0.004987239837646484
0.015088558197021484
0.0010960102081298828
0.013985395431518555
0.00604701042175293
7.152557373046875e-07
0.004300594329833984
0.005514383316040039
0.004457950592041016
0.003032207489013672
0.0013701915740966797
0.003152608871459961
0.0023937225341796875
0.0011150836944580078
0.000720977783203125
0.002155780792236328
0.005966901779174805
0.002222299575805664
0.018729686737060547
0.005003929138183594
0.007904291152954102
0.0017437934875488281
0.0030188560485839844
0.0009391307830810547
0.004934549331665039
0.0018088817596435547
4.76837158203125e-07
0.0035848617553710938
0.0027163028717041016
0.0008432865142822266
0.002643585205078125
0.004990339279174805
0.0013933181762695312
0.004013776779174805
0.0006439685821533203
0.009569406509399414
0.0018041133880615234
0.002907276153564453
0.005796670913696289
0.018005847930908203
0.0016312599182128906
0.011416912078857422
0.003073453903198242
0.00641179084777832
0.0045490264892578125
0.006448507308959961
0.004383563995361328
0.0012328624725341797
0.0017120838165283203
4.76837158203125e-07
0.004907369613647461
0.0003845691680908203
0.0014014244079589844
0.003888368606567383
0.002474546432495117
0.0028352737426757812
0.02225041389465332
0.007610797882080078
0.0047490596771240234
0.0014126300811767578
0.004639387130737305
0.00704503059387207
1.430511474609375e-06
0.005559682846069336
0.005615234375
0.0043942928314208984
0.001081705093383789
0.005440235137939453
0.005193233489990234
0.0032901763916015625
0.0014295578002929688
0.0004966259002685547
0.0025768280029296875
0.0015769004821777344
0.00047779083251953125
0.002688884735107422
0.022165775299072266
1.9073486328125e-06
0.0012998580932617188
0.0016453266143798828
0.004023313522338867
0.006237983703613281
0.005062103271484375
0.0033833980560302734
0.0055696964263916016
0.0036008358001708984
0.005606412887573242
0.0055446624755859375
0.003885507583618164
0.0025396347045898438
0.0005602836608886719
0.0006301403045654297
0.0004832744598388672
0.0015211105346679688
0.0012886524200439453
0.007027149200439453
0.0046122074127197266
0.007654428482055664
0.0025446414947509766
0.0006730556488037109
0.0006952285766601562
0.003255128860473633
0.0009095668792724609
0.004824638366699219
0.004745006561279297
0.002207040786743164
4.76837158203125e-07
0.0012242794036865234
0.0013794898986816406
0.0015347003936767578
0.0023276805877685547
0.0028228759765625
0.002473115921020508
0.004614591598510742
0.0003724098205566406
0.0028333663940429688
0.004304409027099609
0.0050432682037353516
0.0004715919494628906
0.002052783966064453
0.005767107009887695
0.006844758987426758
0.00327301025390625
0.004971981048583984
0.0028204917907714844
0.005796909332275391
0.001220703125
0.004026651382446289
0.0045680999755859375
0.001695394515991211
0.0018546581268310547
0.0005459785461425781
0.0025959014892578125
0.0007417201995849609
4.76837158203125e-07
0.011772871017456055
0.005892038345336914
0.004300594329833984
0.0020914077758789062
0.0039997100830078125
0.005136013031005859
0.007747173309326172
9.5367431640625e-07
0.0040700435638427734
0.005042076110839844
0.0008645057678222656
0.0021469593048095703
0.002922534942626953
0.0014710426330566406
0.0044765472412109375
0.00039124488830566406
0.0005996227264404297
0.0033168792724609375
0.0012559890747070312
0.0004115104675292969
0.005445957183837891
0.010509490966796875
0.023395061492919922
0.004602670669555664
0.0015990734100341797
0.01129460334777832
0.0028200149536132812
0.004483461380004883
0.0007991790771484375
0.0019843578338623047
0.00445103645324707
0.0006215572357177734
9.5367431640625e-07
0.002616405487060547
0.0005567073822021484
0.00046825408935546875
0.001567840576171875
0.0045778751373291016
0.002420186996459961
0.0025339126586914062
0.0069599151611328125
0.0017981529235839844
0.005423545837402344
0.0024137496948242188
2.86102294921875e-06
0.0038671493530273438
0.0022919178009033203
0.007041215896606445
0.005327701568603516
0.0042073726654052734
0.0007824897766113281
0.003016233444213867
0.005700349807739258
0.00099945068359375
0.0016415119171142578
0.004121541976928711
0.001268625259399414
0.0023415088653564453
0.0025746822357177734
0.0004119873046875
0.0061397552490234375
0.00261688232421875
0.0008785724639892578
0.005312919616699219
1.9073486328125e-06
0.009523630142211914
0.002014636993408203
0.0055310726165771484
0.004933357238769531
0.005075216293334961
0.00281524658203125
0.0023872852325439453
0.0006444454193115234
0.002827882766723633
0.0024967193603515625
0.0015370845794677734
0.0007185935974121094
0.003544330596923828
0.0005538463592529297
0.0022580623626708984
0.0216217041015625
4.76837158203125e-06
0.0043048858642578125
0.005991220474243164
0.04030156135559082
0.00075531005859375
0.006356000900268555
0.005324363708496094
0.0024061203002929688
0.0057561397552490234
0.0014925003051757812
0.0006432533264160156
0.002877950668334961
0.003443002700805664
0.0014452934265136719
0.003966331481933594
0.00047516822814941406
0.004019021987915039
0.0005772113800048828
0.0014815330505371094
0.003912448883056641
0.011493206024169922
0.0041446685791015625
0.0019044876098632812
4.76837158203125e-07
0.0058901309967041016
0.0069582462310791016
0.0030117034912109375
0.0010142326354980469
0.0035593509674072266
0.0014846324920654297
0.0013427734375
0.0033783912658691406
0.00519251823425293
0.0047719478607177734
0.0006306171417236328
0.004440784454345703
0.0010344982147216797
0.0045015811920166016
0.0012326240539550781
0.0077435970306396484
0.0015130043029785156
0.0027060508728027344
0.005110263824462891
0.0041539669036865234
0.004592418670654297
0.0065152645111083984
0.008093833923339844
0.0026357173919677734
0.005889177322387695
0.003755331039428711
0.0034029483795166016
0.0014491081237792969
0.0050585269927978516
0.0007824897766113281
7.152557373046875e-07
0.0006518363952636719
0.001367330551147461
0.0014774799346923828
0.002723217010498047
0.0074536800384521484
0.007977485656738281
0.006253957748413086
0.00348663330078125
0.0039212703704833984
0.0031392574310302734
0.005950450897216797
0.0032291412353515625
0.0012137889862060547
0.0008504390716552734
0.0021979808807373047
0.0014886856079101562
0.0030531883239746094
0.004217863082885742
0.0012917518615722656
0.004329204559326172
4.76837158203125e-07
0.0006453990936279297
0.002748250961303711
0.004353046417236328
0.0038039684295654297
0.0009405612945556641
0.006282806396484375
0.005826711654663086
0.007910728454589844
0.00642704963684082
0.006590604782104492
0.002736330032348633
0.004947662353515625
0.0009200572967529297
9.5367431640625e-07
0.004383563995361328
0.0010576248168945312
0.0028085708618164062
0.0039136409759521484
0.00048041343688964844
0.0025377273559570312
0.0015115737915039062
0.0013399124145507812
0.0006957054138183594
0.011621952056884766
0.005392789840698242
0.004631519317626953
0.009806632995605469
0.011867046356201172
0.003037691116333008
0.00070953369140625
0.0033469200134277344
0.0007729530334472656
0.00262451171875
0.0011980533599853516
0.002101421356201172
0.0046503543853759766
0.0047681331634521484
2.384185791015625e-07
0.003563404083251953
0.004383087158203125
0.0034227371215820312
0.00044798851013183594
0.0024459362030029297
0.0045130252838134766
0.001940011978149414
0.015489339828491211
9.5367431640625e-07
0.0011441707611083984
0.002690553665161133
0.0010673999786376953
0.0031507015228271484
0.003330230712890625
0.0018146038055419922
0.004192352294921875
0.0036923885345458984
0.003919124603271484
0.004807472229003906
0.0005614757537841797
0.003454923629760742
0.00372314453125
0.0036077499389648438
0.001394033432006836
0.0006825923919677734
0.0011720657348632812
1.9073486328125e-06
0.0020716190338134766
0.005936622619628906
0.0077304840087890625
0.009180784225463867
0.003813028335571289
0.0067822933197021484
0.0048482418060302734
0.0007102489471435547
0.0006656646728515625
0.004163503646850586
0.005677461624145508
0.0015306472778320312
0.0021266937255859375
0.002602100372314453
0.0034041404724121094
0.0029892921447753906
0.0004451274871826172
0.0014612674713134766
0.0011937618255615234
0.007905721664428711
0.00414729118347168
0.00356292724609375
0.0016684532165527344
0.0045015811920166016
0.0057833194732666016
0.008367538452148438
0.005010843276977539
0.0050237178802490234
9.5367431640625e-07
0.001863718032836914
0.004868268966674805
0.0023512840270996094
0.0005288124084472656
0.0007002353668212891
0.0014312267303466797
0.0013492107391357422
0.002427339553833008
0.00246429443359375
0.006831645965576172
0.0030307769775390625
0.006031513214111328
0.006080150604248047
0.004597663879394531
9.5367431640625e-07
0.006279945373535156
0.003957271575927734
0.0017952919006347656
0.0036966800689697266
0.004781007766723633
0.0008320808410644531
0.0011148452758789062
0.0006959438323974609
0.0018687248229980469
0.0014481544494628906
0.0026373863220214844
0.0035381317138671875
0.0015742778778076172
0.0006814002990722656
0.01719832420349121
0.004093170166015625
0.0066738128662109375
0.00511932373046875
0.006306171417236328
0.0013396739959716797
0.0019555091857910156
0.0008029937744140625
0.0036416053771972656
0.003763914108276367
0.0015158653259277344
7.152557373046875e-07
0.0005617141723632812
0.00269317626953125
0.003943920135498047
0.0007245540618896484
0.004849433898925781
0.001398324966430664
0.0015723705291748047
0.003564596176147461
0.007387399673461914
0.0045680999755859375
0.005614042282104492
0.01365971565246582
0.0006716251373291016
0.0008578300476074219
0.00496983528137207
0.0021021366119384766
0.0013194084167480469
0.003762960433959961
2.1457672119140625e-06
0.0034825801849365234
0.002894163131713867
0.006106376647949219
0.003981351852416992
0.0018804073333740234
0.0011653900146484375
0.0014145374298095703
0.0039365291595458984
0.0004673004150390625
0.002697467803955078
0.001425027847290039
0.005434274673461914
0.002125263214111328
0.008070945739746094
0.0046541690826416016
0.0016782283782958984
0.006060123443603516
2.384185791015625e-06
0.004459381103515625
0.003614664077758789
0.0011622905731201172
0.0048236846923828125
0.0028748512268066406
0.004247426986694336
0.0035910606384277344
0.002184629440307617
0.0043315887451171875
0.0017528533935546875
0.004409313201904297
0.01938319206237793
0.0022056102752685547
0.0059659481048583984
0.0025954246520996094
0.0012407302856445312
0.0027632713317871094
0.0018439292907714844
0.0057370662689208984
0.004723548889160156
0.0031723976135253906
0.0005519390106201172
4.76837158203125e-07
0.00047326087951660156
0.002942323684692383
0.0044972896575927734
0.00121307373046875
0.0035855770111083984
0.0021796226501464844
0.003851652145385742
0.003479480743408203
0.007135152816772461
0.007552146911621094
0.0010077953338623047
0.004388332366943359
0.0009167194366455078
0.0019447803497314453
0.0063381195068359375
0.005196332931518555
0.0017642974853515625
0.004291534423828125
0.0031065940856933594
0.0013070106506347656
0.004703998565673828
0.0022699832916259766
0.00640106201171875
0.0044291019439697266
0.0007317066192626953
7.152557373046875e-07
0.0022258758544921875
0.0034151077270507812
0.002079010009765625
0.003875255584716797
3.5762786865234375e-06
0.0018706321716308594
0.0024573802947998047
0.0060842037200927734
0.0010786056518554688
0.002129793167114258
0.0029425621032714844
0.0014243125915527344
0.004666805267333984
0.0031080245971679688
0.005400180816650391
0.0010573863983154297
0.00440669059753418
0.0023605823516845703
0.0025856494903564453
0.003933429718017578
0.0039424896240234375
0.003372669219970703
0.008435487747192383
0.0022606849670410156
0.00686335563659668
0.005481243133544922
0.002032041549682617
0.0007874965667724609
0.0010662078857421875
0.006101369857788086
0.006072521209716797
0.0011067390441894531
0.0015423297882080078
1.430511474609375e-06
0.002859354019165039
0.004973411560058594
0.0037310123443603516
0.0040624141693115234
0.007249116897583008
0.0044918060302734375
0.002614259719848633
0.0006535053253173828
0.0052623748779296875
0.003993988037109375
0.001058340072631836
0.009369134902954102
0.0027780532836914062
0.005311250686645508
0.004617214202880859
0.0015714168548583984
0.0032002925872802734
0.007162570953369141
0.0052337646484375
0.005372524261474609
0.0009326934814453125
7.152557373046875e-07
0.004168033599853516
0.0015392303466796875
0.0005140304565429688
0.0013120174407958984
0.003805875778198242
0.0039823055267333984
0.004841327667236328
0.005611896514892578
0.0011301040649414062
0.0038754940032958984
0.006948232650756836
0.006751537322998047
0.0016434192657470703
0.006073474884033203
0.006749153137207031
0.003025531768798828
0.003618001937866211
0.0014908313751220703
0.002437114715576172
4.76837158203125e-07
0.0016031265258789062
0.00130462646484375
0.003802776336669922
0.0014464855194091797
0.0042150020599365234
0.0003707408905029297
0.0035996437072753906
0.0031452178955078125
0.0017428398132324219
0.0033359527587890625
0.006983757019042969
0.0008120536804199219
0.0031588077545166016
0.0038063526153564453
0.004477024078369141
0.0015306472778320312
0.003680706024169922
0.0027053356170654297
0.0018978118896484375
0.004721879959106445
0.0037758350372314453
0.0010280609130859375
0.0018029212951660156
0.004894256591796875
4.76837158203125e-07
0.003841400146484375
0.01205134391784668
0.0030210018157958984
0.007426738739013672
0.007700920104980469
0.0031037330627441406
0.002228975296020508
0.0034465789794921875
0.005089521408081055
0.00632023811340332
0.0016283988952636719
0.0009775161743164062
0.0045697689056396484
0.002721548080444336
4.76837158203125e-07
0.0025103092193603516
0.0015230178833007812
0.004091739654541016
0.002698659896850586
0.0006291866302490234
0.0005490779876708984
0.0043790340423583984
0.0027327537536621094
0.008924007415771484
0.002717733383178711
0.0019295215606689453
0.0024552345275878906
7.152557373046875e-07
0.005681037902832031
0.011283397674560547
0.004446268081665039
0.000736236572265625
0.004301786422729492
0.002938985824584961
0.004381418228149414
0.004833221435546875
0.0031919479370117188
0.0005435943603515625
0.002070903778076172
0.0023870468139648438
0.0003750324249267578
0.006825447082519531
0.0008435249328613281
0.012255668640136719
0.006335735321044922
0.001058816909790039
0.004747152328491211
0.0052700042724609375
0.007922649383544922
1.1920928955078125e-06
0.0016202926635742188
0.0012009143829345703
0.0033118724822998047
0.006078958511352539
0.004135608673095703
0.003424406051635742
0.002711772918701172
0.0016064643859863281
0.0014142990112304688
0.0008215904235839844
0.005049705505371094
0.004686594009399414
0.004417896270751953
0.005394458770751953
0.003818035125732422
0.0068056583404541016
0.0025072097778320312
0.0019030570983886719
0.005033731460571289
0.002233743667602539
0.0010805130004882812
0.005984306335449219
0.006724834442138672
9.5367431640625e-07
0.0008180141448974609
0.0024950504302978516
0.00055694580078125
0.0015006065368652344
0.0008406639099121094
0.0042154788970947266
0.0033042430877685547
0.00392913818359375
0.006390810012817383
0.0038127899169921875
0.0015170574188232422
0.0017161369323730469
4.291534423828125e-06
0.0029397010803222656
0.00905752182006836
0.0011086463928222656
0.005556344985961914
0.004015445709228516
0.0011243820190429688
0.001638650894165039
0.0046443939208984375
0.002874135971069336
0.0017976760864257812
0.0028350353240966797
0.0029757022857666016
0.0023496150970458984
0.0038716793060302734
0.02289271354675293
0.01164388656616211
0.0018687248229980469
0.00970458984375
1.9073486328125e-06
0.0060880184173583984
0.006083250045776367
0.0036072731018066406
0.004192829132080078
0.0032219886779785156
0.0018858909606933594
0.0015115737915039062
0.0046083927154541016
0.0038003921508789062
0.002811431884765625
0.0021779537200927734
0.0014753341674804688
0.0004851818084716797
0.0012576580047607422
0.0014753341674804688
0.00681757926940918
2.384185791015625e-06
0.001344442367553711
0.002265453338623047
0.005596160888671875
0.0036194324493408203
0.001954793930053711
0.005435466766357422
0.0015690326690673828
0.001007080078125
0.002562284469604492
0.011116504669189453
0.004980564117431641
0.0036156177520751953
0.00391697883605957
0.0005733966827392578
0.0019352436065673828
0.0027840137481689453
0.0027687549591064453
0.001392364501953125
0.001950979232788086
0.0066699981689453125
0.018735885620117188
0.0007812976837158203
0.0021092891693115234
0.0052340030670166016
0.003258943557739258
0.004218578338623047
0.005319833755493164
0.007832765579223633
0.0037789344787597656
0.002149343490600586
0.004225969314575195
0.0033380985260009766
0.0016927719116210938
4.76837158203125e-07
0.004109382629394531
0.0010957717895507812
0.0007340908050537109
0.0005574226379394531
0.007578849792480469
0.009912967681884766
0.005362749099731445
0.004462480545043945
0.0006999969482421875
0.001369476318359375
0.0011527538299560547
1.1920928955078125e-06
0.004626274108886719
0.004585981369018555
0.002516508102416992
0.003172159194946289
0.0013895034790039062
0.004107475280761719
0.0034122467041015625
0.002572774887084961
0.004144906997680664
0.002227783203125
0.0006821155548095703
0.0014233589172363281
0.006060600280761719
0.004724740982055664
0.003650665283203125
0.0023872852325439453
0.0013034343719482422
0.0007522106170654297
1.1920928955078125e-06
0.0050809383392333984
0.010074377059936523
0.005576610565185547
0.0023970603942871094
0.002004384994506836
0.0044057369232177734
0.002834320068359375
0.002277851104736328
0.0027658939361572266
0.0038149356842041016
0.0026214122772216797
0.0008084774017333984
0.0013742446899414062
0.0021898746490478516
0.0017058849334716797
0.006850481033325195
0.005438566207885742
0.003353595733642578
0.007747650146484375
0.0018935203552246094
0.006781578063964844
0.008582592010498047
0.00531768798828125
0.0010561943054199219
0.004723548889160156
0.0031054019927978516
0.0014171600341796875
0.004381656646728516
0.0018045902252197266
7.152557373046875e-07
0.003423929214477539
0.002159595489501953
0.004222869873046875
0.005904436111450195
0.005129814147949219
0.0013499259948730469
0.00893092155456543
0.0040056705474853516
0.0010228157043457031
0.004070758819580078
0.0005109310150146484
9.5367431640625e-07
0.005236625671386719
0.004682302474975586
0.0016567707061767578
0.0031108856201171875
0.0006926059722900391
0.0040171146392822266
0.00147247314453125
0.0024378299713134766
0.0004687309265136719
0.002650022506713867
0.0024406909942626953
0.0018787384033203125
0.0019073486328125
0.004252433776855469
0.007001161575317383
0.0062139034271240234
0.002082347869873047
0.004625558853149414
9.5367431640625e-07
0.001222848892211914
0.004040956497192383
0.0032300949096679688
0.0007336139678955078
0.002202272415161133
0.0019373893737792969
0.004758358001708984
0.003906726837158203
0.002257823944091797
0.0017528533935546875
0.002577543258666992
0.0015058517456054688
0.005131244659423828
0.003466367721557617
0.0017490386962890625
0.014074563980102539
7.3909759521484375e-06
0.0011837482452392578
0.0011708736419677734
0.0018646717071533203
0.004673957824707031
0.0038568973541259766
0.00510406494140625
0.00495600700378418
0.004598140716552734
0.0028727054595947266
0.0047419071197509766
0.004095792770385742
0.0006015300750732422
0.0028269290924072266
0.003440380096435547
0.001535654067993164
