0.30674028396606445
0.3765377998352051
0.055210113525390625
0.42255306243896484
0.03674745559692383
0.42595624923706055
0.42658376693725586
0.5788795948028564
0.2730278968811035
0.1463620662689209
0.2745707035064697
0.34680843353271484
0.06005215644836426
0.41655731201171875
0.04704737663269043
9.5367431640625e-07
0.25894832611083984
0.11758756637573242
0.2551753520965576
0.1340937614440918
0.13577556610107422
0.4020731449127197
0.4296128749847412
0.08471298217773438
0.13974452018737793
0.45929884910583496
0.3654029369354248
0.2579178810119629
0.30255627632141113
0.0661318302154541
1.6689300537109375e-06
0.11409878730773926
0.23549795150756836
0.27632713317871094
0.14902186393737793
0.3267965316772461
0.25797581672668457
0.032425880432128906
0.12861204147338867
0.04834866523742676
0.06766128540039062
0.12494850158691406
0.12574076652526855
0.21596240997314453
0.2355637550354004
0.39009857177734375
0.6209650039672852
0.5381970405578613
0.5023274421691895
0.762230396270752
0.5873913764953613
0.12628602981567383
0.08593344688415527
0.2572898864746094
1.430511474609375e-06
0.85201096534729
0.4643399715423584
0.6586337089538574
0.5223443508148193
0.5114092826843262
1.0967254638671875e-05
0.24579930305480957
0.07288837432861328
0.22029590606689453
0.4557986259460449
0.12798810005187988
0.1055293083190918
0.8750121593475342
0.5952680110931396
0.7301511764526367
0.3865678310394287
0.6395053863525391
0.1975235939025879
0.36010122299194336
0.22320270538330078
0.5454366207122803
0.667391300201416
0.12208151817321777
0.792229175567627
0.46276426315307617
0.09116911888122559
0.06595587730407715
0.27943849563598633
0.49185729026794434
0.7200431823730469
0.6540069580078125
0.29143428802490234
0.32509613037109375
0.5949780941009521
0.5084247589111328
0.09643936157226562
0.48871946334838867
0.9033048152923584
0.37802672386169434
9.5367431640625e-07
0.07650518417358398
0.6519825458526611
0.16716432571411133
0.4886138439178467
0.5045557022094727
0.3095204830169678
0.44974350929260254
0.11896085739135742
0.10664653778076172
0.2638053894042969
0.8421578407287598
0.7187309265136719
0.608008623123169
7.152557373046875e-07
0.3240346908569336
0.09283304214477539
0.8621325492858887
0.7152855396270752
0.2692117691040039
0.1493549346923828
0.17292475700378418
0.078521728515625
0.296156644821167
0.33058929443359375
0.49582386016845703
0.04267740249633789
0.1687297821044922
0.38542842864990234
0.4209725856781006
0.6764397621154785
0.5932767391204834
0.7353394031524658
0.10620331764221191
0.5090079307556152
0.23611807823181152
0.8575034141540527
0.30040979385375977
0.320331335067749
0.2395038604736328
1.1920928955078125e-06
0.5951519012451172
0.07742881774902344
0.3087038993835449
0.5840399265289307
0.47829270362854004
0.5111124515533447
0.5643985271453857
0.04301643371582031
0.1137380599975586
0.21541285514831543
0.343076229095459
0.22687768936157227
0.6638495922088623
0.4728250503540039
0.5492486953735352
0.08985614776611328
0.31490468978881836
0.697310209274292
0.15220165252685547
1.430511474609375e-06
0.1628251075744629
0.3322877883911133
0.059560298919677734
0.3003733158111572
0.4632856845855713
0.16031742095947266
0.05168747901916504
0.20348095893859863
0.1774590015411377
0.09292149543762207
0.08575177192687988
0.6786212921142578
0.5240237712860107
0.8301758766174316
0.4777534008026123
0.6306509971618652
0.8856465816497803
0.15628337860107422
0.15366220474243164
0.47547459602355957
0.38997578620910645
1.1920928955078125e-06
0.5349993705749512
0.408031702041626
0.5093023777008057
0.07973313331604004
0.38342714309692383
0.038274526596069336
0.4446370601654053
0.15897631645202637
0.04887247085571289
0.1622936725616455
0.3292083740234375
0.6956980228424072
0.41026854515075684
0.24113893508911133
0.4106254577636719
0.6717386245727539
0.35357236862182617
7.152557373046875e-07
0.21027302742004395
0.1047666072845459
0.43909645080566406
0.5261995792388916
0.4822354316711426
0.39183497428894043
0.4918332099914551
0.8173656463623047
0.7984933853149414
0.3291783332824707
0.7477166652679443
0.10251855850219727
0.2461545467376709
0.0968167781829834
0.23979544639587402
0.07783198356628418
1.6689300537109375e-06
0.07852029800415039
0.5437853336334229
0.38442134857177734
0.7733948230743408
0.19042515754699707
0.5233461856842041
0.32735180854797363
0.44998764991760254
0.15839600563049316
0.3231523036956787
0.20851874351501465
0.10949039459228516
0.39316582679748535
0.6149399280548096
0.4726071357727051
0.3208625316619873
9.5367431640625e-07
0.4767334461212158
0.7068862915039062
0.10871767997741699
0.08286881446838379
0.7881052494049072
0.22516608238220215
0.44772815704345703
0.6350851058959961
0.10807371139526367
0.5565669536590576
0.5132462978363037
0.2701394557952881
0.05581855773925781
0.07702755928039551
0.04919171333312988
0.2488107681274414
0.41655921936035156
0.4518141746520996
0.3168203830718994
0.9103474617004395
0.24747610092163086
7.152557373046875e-07
0.7601675987243652
0.7933328151702881
0.5031750202178955
0.7012977600097656
0.11623263359069824
0.1933586597442627
0.47347044944763184
0.3313267230987549
0.4659762382507324
0.1813356876373291
0.39763975143432617
1.1920928955078125e-06
0.2020401954650879
0.22954750061035156
0.32654547691345215
0.5151278972625732
0.10522699356079102
0.08005809783935547
0.24332714080810547
0.08869361877441406
0.0860135555267334
0.7383091449737549
0.2214956283569336
0.6763086318969727
0.48640871047973633
0.39241862297058105
0.5336503982543945
0.49582552909851074
0.5062973499298096
1.6689300537109375e-06
0.25961923599243164
0.4870274066925049
0.24346065521240234
0.3295419216156006
0.8001296520233154
0.7316055297851562
0.12620949745178223
0.08836221694946289
0.9002573490142822
0.07614803314208984
0.15493178367614746
0.2662372589111328
0.0661618709564209
0.6256022453308105
0.3892028331756592
0.5244269371032715
0.61798095703125
0.35192179679870605
0.4649505615234375
0.1301281452178955
0.06325483322143555
0.1794419288635254
0.39655256271362305
0.24875330924987793
0.10323643684387207
0.3074831962585449
4.76837158203125e-07
0.6446142196655273
0.47419142723083496
0.977963924407959
0.7375452518463135
0.8094890117645264
0.4396936893463135
0.5002639293670654
0.11270833015441895
0.4012565612792969
0.10828828811645508
0.5806121826171875
0.4710814952850342
0.11019325256347656
0.3122985363006592
0.6657519340515137
0.12468886375427246
0.10587930679321289
0.8641948699951172
0.30907344818115234
0.5902390480041504
0.8233475685119629
0.09311175346374512
0.2652852535247803
0.6088242530822754
0.2772367000579834
9.5367431640625e-07
0.2517707347869873
0.23519420623779297
0.5124862194061279
0.6053431034088135
0.43167757987976074
0.4747316837310791
0.042745351791381836
0.08776569366455078
0.48568105697631836
0.49216723442077637
0.8496925830841064
0.3220827579498291
0.2825586795806885
0.8349778652191162
0.7371068000793457
0.10197091102600098
0.12280964851379395
0.2347862720489502
0.3611760139465332
0.6609077453613281
0.14833784103393555
1.1920928955078125e-06
0.3541429042816162
0.3333158493041992
0.5203988552093506
0.5410645008087158
0.32802820205688477
0.4839208126068115
0.12009954452514648
0.43198609352111816
0.31764650344848633
7.152557373046875e-07
0.10331249237060547
0.10354447364807129
0.6857638359069824
0.5729875564575195
0.9404280185699463
0.3259751796722412
0.11543822288513184
0.09116220474243164
0.2701759338378906
0.7850987911224365
0.46682071685791016
0.483471155166626
0.32378482818603516
0.5267879962921143
3.5762786865234375e-06
0.054368019104003906
0.21907687187194824
0.22175335884094238
0.6781437397003174
0.7195277214050293
0.5811734199523926
0.791877031326294
0.12208247184753418
0.2346055507659912
0.4025461673736572
0.6874091625213623
0.21918940544128418
0.1403343677520752
0.10210680961608887
0.38880133628845215
0.5272636413574219
0.3951246738433838
0.7186615467071533
0.49288415908813477
0.25850677490234375
0.24116301536560059
0.24692964553833008
0.5492584705352783
0.8571383953094482
0.977107048034668
0.5943911075592041
0.10925436019897461
0.1200704574584961
0.2516143321990967
0.7261679172515869
0.09506034851074219
0.0889730453491211
0.37310171127319336
0.4205973148345947
0.2946476936340332
1.1920928955078125e-06
0.4561448097229004
0.5092296600341797
0.4869081974029541
0.42883944511413574
0.09730410575866699
0.07967591285705566
0.5252373218536377
0.6834301948547363
0.4682025909423828
0.5276172161102295
0.32222795486450195
0.3317878246307373
0.10973525047302246
0.7505724430084229
0.8520851135253906
0.12180638313293457
0.3193397521972656
0.215972900390625
0.12290692329406738
9.5367431640625e-07
0.29704761505126953
0.42965006828308105
0.4934661388397217
0.4192326068878174
0.23519134521484375
0.5453884601593018
0.3070082664489746
0.6855072975158691
0.7523167133331299
0.12424254417419434
0.30241918563842773
0.4660487174987793
9.5367431640625e-07
0.5009214878082275
0.10468029975891113
0.8280758857727051
0.7223024368286133
0.09805417060852051
0.09014368057250977
0.23199772834777832
0.594712495803833
0.35826826095581055
0.5873472690582275
0.3135080337524414
3.0994415283203125e-06
0.16793203353881836
0.19246315956115723
0.25311851501464844
0.5576474666595459
0.620934247970581
0.5858323574066162
0.4198305606842041
0.1048121452331543
0.08359289169311523
0.24480748176574707
0.08617091178894043
0.07250499725341797
0.7127463817596436
0.5003488063812256
0.31807827949523926
0.33211374282836914
0.1825861930847168
0.5011749267578125
0.07336664199829102
0.13976144790649414
0.06262016296386719
0.5374243259429932
0.21668648719787598
0.256183385848999
0.4200325012207031
0.6586687564849854
0.9291839599609375
0.4175753593444824
0.3297119140625
0.1303853988647461
0.1781775951385498
0.839118242263794
1.430511474609375e-06
0.4833555221557617
0.4854867458343506
0.5452797412872314
0.519148588180542
0.4598877429962158
1.1920928955078125e-06
0.39922499656677246
0.12570452690124512
0.317704439163208
0.06999468803405762
0.19206452369689941
0.4017176628112793
0.7703371047973633
0.6148910522460938
0.26186585426330566
0.09093022346496582
0.7035293579101562
0.6321558952331543
0.09539270401000977
0.08225536346435547
0.38501524925231934
0.44694089889526367
0.21465444564819336
0.5565624237060547
0.5184507369995117
0.06822395324707031
0.20686078071594238
0.25729990005493164
0.48088860511779785
0.4697697162628174
0.7668337821960449
0.6117997169494629
7.152557373046875e-07
0.33122873306274414
0.7658939361572266
0.80796217918396
0.1149148941040039
0.38914990425109863
0.10338211059570312
0.5204143524169922
0.10445475578308105
0.1606307029724121
0.776444673538208
0.5403270721435547
0.4805901050567627
0.07083916664123535
0.17366480827331543
0.037784576416015625
5.4836273193359375e-06
0.45212268829345703
0.4374523162841797
0.3888232707977295
0.10241484642028809
0.31645846366882324
0.5733768939971924
0.7601191997528076
0.40035009384155273
0.7421939373016357
0.14652442932128906
0.11804747581481934
0.679224967956543
0.38558173179626465
0.32012510299682617
0.15120601654052734
0.5351986885070801
0.16636037826538086
0.4593944549560547
7.152557373046875e-07
0.7173130512237549
0.7075648307800293
0.8318886756896973
0.4672558307647705
0.312640905380249
0.3225412368774414
0.13157296180725098
0.7593417167663574
0.09163689613342285
0.7906403541564941
0.2119584083557129
0.35170793533325195
0.0934295654296875
0.4535346031188965
0.11122345924377441
0.582688570022583
0.3376762866973877
0.1607673168182373
0.07398676872253418
0.269911527633667
0.48424220085144043
0.10666155815124512
0.32642483711242676
0.8844115734100342
0.8429439067840576
0.09153294563293457
0.6927182674407959
0.43901586532592773
0.3867013454437256
0.3241288661956787
1.430511474609375e-06
0.0769350528717041
0.6078364849090576
0.48938632011413574
0.21939992904663086
0.40036511421203613
0.5125141143798828
0.5291924476623535
0.0808098316192627
0.24187469482421875
0.4260396957397461
0.5279045104980469
0.11276841163635254
0.7523424625396729
0.6013834476470947
0.09982872009277344
0.20942187309265137
0.9126129150390625
0.36159777641296387
0.18779349327087402
0.1549220085144043
9.5367431640625e-07
0.44989752769470215
0.11984443664550781
0.5119321346282959
0.5608224868774414
0.4951934814453125
0.05430006980895996
0.36360907554626465
0.07394647598266602
0.08363056182861328
0.1948094367980957
0.254810094833374
0.5970444679260254
0.7290229797363281
0.8476161956787109
0.3155646324157715
1.0228075981140137
0.11467313766479492
0.4693624973297119
0.714653491973877
1.1920928955078125e-06
0.4781036376953125
0.14412999153137207
0.6711544990539551
0.32296061515808105
0.488391637802124
0.07434368133544922
0.31432414054870605
0.3911747932434082
0.24094128608703613
0.6954357624053955
0.12562870979309082
0.6059422492980957
0.7376952171325684
0.19025945663452148
0.32970571517944336
0.9049196243286133
0.9986073970794678
0.08756852149963379
0.07841181755065918
1.430511474609375e-06
0.42691540718078613
0.6047134399414062
0.5322437286376953
0.355975866317749
0.14246201515197754
0.18465137481689453
0.4030609130859375
0.21326899528503418
0.41112446784973145
1.1920928955078125e-06
0.46088266372680664
0.10364079475402832
0.9387242794036865
0.23944997787475586
0.7464125156402588
0.10132312774658203
0.24437808990478516
0.646843433380127
0.11639070510864258
0.44666171073913574
0.6512115001678467
0.11697840690612793
0.4884669780731201
0.3293280601501465
0.4673323631286621
0.41596102714538574
0.09182214736938477
0.26335787773132324
0.2192697525024414
0.6941397190093994
0.11298775672912598
0.8109023571014404
0.6002702713012695
0.8522593975067139
0.28307509422302246
0.3073592185974121
0.43940019607543945
0.4639134407043457
0.08723187446594238
0.4155280590057373
1.430511474609375e-06
0.08696866035461426
0.42344212532043457
0.5831077098846436
0.5092301368713379
0.4958031177520752
0.051444292068481445
1.430511474609375e-06
0.07696843147277832
0.25505995750427246
0.25893092155456543
0.6603696346282959
0.5972936153411865
0.9375519752502441
0.6402721405029297
0.49303674697875977
0.23349761962890625
0.3240940570831299
0.5580878257751465
0.1209249496459961
0.3197352886199951
0.07898139953613281
0.19409584999084473
0.5789878368377686
0.5208494663238525
0.058605194091796875
0.4084303379058838
0.23598670959472656
0.10782122611999512
0.26639509201049805
0.9012167453765869
0.5937185287475586
7.152557373046875e-07
0.7511098384857178
0.8214559555053711
0.09665250778198242
0.7291214466094971
0.16712069511413574
0.4198336601257324
0.6196691989898682
0.5592789649963379
0.45917296409606934
0.11429667472839355
0.678457498550415
0.17123007774353027
0.6173477172851562
0.1530742645263672
0.41732025146484375
0.2679476737976074
0.10738229751586914
0.5230093002319336
0.9104030132293701
0.32843661308288574
0.9056673049926758
0.72900390625
0.4845452308654785
0.6807222366333008
0.5572309494018555
0.4046366214752197
0.1267399787902832
0.14464545249938965
0.09325408935546875
0.7592983245849609
0.20193886756896973
9.5367431640625e-07
0.04124045372009277
3.337860107421875e-06
0.34342432022094727
0.19104647636413574
0.46205687522888184
0.32648682594299316
0.544456958770752
0.7122824192047119
0.8254666328430176
0.25867700576782227
0.11281919479370117
0.36978793144226074
0.881089448928833
0.24077081680297852
0.7030723094940186
0.1179041862487793
0.5050764083862305
0.08252954483032227
0.5438644886016846
0.4493694305419922
0.4173440933227539
0.0372622013092041
0.26912593841552734
9.5367431640625e-07
0.3505094051361084
0.06773066520690918
0.19948935508728027
0.25966477394104004
0.3696742057800293
0.32121968269348145
0.556659460067749
0.8390414714813232
0.13286757469177246
0.7758488655090332
0.5555980205535889
0.8293547630310059
0.44009947776794434
0.06546139717102051
0.4863929748535156
0.5894827842712402
0.1824643611907959
0.5670115947723389
0.5346453189849854
0.809051513671875
0.8283076286315918
0.3259134292602539
0.7375607490539551
0.43360090255737305
0.13107681274414062
0.09754061698913574
0.09652996063232422
0.22172212600708008
0.07476139068603516
0.7988059520721436
0.30797815322875977
0.39250898361206055
0.533034086227417
0.19340872764587402
1.1920928955078125e-06
0.5342123508453369
0.2374286651611328
0.439206600189209
0.5530200004577637
0.10518240928649902
0.5320937633514404
0.5181059837341309
0.12047934532165527
0.32000207901000977
0.0965113639831543
0.7686958312988281
0.8628673553466797
0.12635064125061035
0.4653773307800293
9.5367431640625e-07
0.5569555759429932
0.8261504173278809
0.1735696792602539
0.8536384105682373
0.14674901962280273
0.47368431091308594
0.22324395179748535
0.11222696304321289
0.7076675891876221
0.592740535736084
0.1071622371673584
0.3213374614715576
0.8004839420318604
0.7128407955169678
0.22992539405822754
0.6755771636962891
9.5367431640625e-07
0.1073002815246582
0.07049989700317383
0.3351926803588867
0.3079655170440674
0.1629030704498291
0.4400334358215332
0.33773136138916016
0.673588752746582
0.4404129981994629
0.24587774276733398
1.6689300537109375e-06
0.4929196834564209
0.06556057929992676
0.4088444709777832
0.2785298824310303
0.5343379974365234
0.5130221843719482
0.6754269599914551
0.08665990829467773
0.22952675819396973
0.11203527450561523
0.6940779685974121
0.7269659042358398
0.3404238224029541
0.09785890579223633
0.1821610927581787
0.47817087173461914
0.6917798519134521
0.532839298248291
0.059195518493652344
0.48474669456481934
0.22011637687683105
0.7486772537231445
0.5765514373779297
0.732818603515625
0.8824279308319092
0.8942995071411133
0.315014123916626
0.149306058883667
0.40239381790161133
0.14337730407714844
9.5367431640625e-07
0.07351088523864746
0.34847426414489746
0.7103135585784912
0.09502863883972168
0.3684508800506592
0.5368449687957764
0.13591814041137695
0.4050576686859131
0.8195157051086426
0.742152214050293
0.12727022171020508
0.8288888931274414
0.594959020614624
0.3192148208618164
0.10657835006713867
0.28375864028930664
0.319380521774292
0.7500269412994385
0.47311925888061523
0.529646635055542
0.10821294784545898
0.4024326801300049
0.14884543418884277
1.430511474609375e-06
0.10198831558227539
0.6805064678192139
0.5487632751464844
0.3358168601989746
0.7021234035491943
0.05121755599975586
0.2318732738494873
0.5345256328582764
0.5982909202575684
0.771897554397583
0.8480374813079834
0.2809321880340576
0.2383570671081543
0.3242032527923584
1.430511474609375e-06
0.46922802925109863
0.09436893463134766
0.09191727638244629
0.7547996044158936
0.46798276901245117
0.10743904113769531
0.4853847026824951
0.5820438861846924
0.16898202896118164
0.3443312644958496
0.23456025123596191
9.5367431640625e-07
0.19149136543273926
0.0615694522857666
0.10405731201171875
0.3790295124053955
0.7903764247894287
0.5594666004180908
0.22095012664794922
0.09056234359741211
0.742290735244751
0.6174721717834473
0.6950855255126953
0.41632795333862305
0.08271455764770508
0.36286473274230957
0.47742223739624023
0.5496382713317871
0.43635034561157227
0.21709537506103516
0.09297966957092285
0.10502004623413086
0.23743224143981934
0.08951878547668457
0.7485473155975342
0.594090461730957
0.7744705677032471
0.23703479766845703
0.5596096515655518
0.8753986358642578
1.1920928955078125e-06
0.19855809211730957
0.28879523277282715
0.43381595611572266
0.12352347373962402
0.5738117694854736
0.6889891624450684
0.5015926361083984
0.19724249839782715
0.15844130516052246
0.37716197967529297
2.384185791015625e-06
0.2525644302368164
0.03872513771057129
0.20526385307312012
0.2117300033569336
0.6795961856842041
0.5895204544067383
0.7782089710235596
0.10715270042419434
0.37270617485046387
0.0989229679107666
0.040587663650512695
0.49402737617492676
0.4417734146118164
0.4167633056640625
0.5398104190826416
0.5711281299591064
0.05950665473937988
0.2601304054260254
0.4123694896697998
0.7770054340362549
0.7654509544372559
0.586029052734375
0.7807528972625732
0.1268465518951416
0.7761540412902832
0.30889892578125
0.19182658195495605
0.790945291519165
0.3775358200073242
1.1920928955078125e-06
0.10029172897338867
0.08028697967529297
0.3230736255645752
0.17989444732666016
0.39739561080932617
0.5728855133056641
0.09976077079772949
0.2608928680419922
0.2469022274017334
0.5393097400665283
0.10507512092590332
0.47722291946411133
0.6994168758392334
0.32813501358032227
0.11839461326599121
0.802513837814331
0.24524641036987305
1.430511474609375e-06
0.2946949005126953
0.7700290679931641
0.4508388042449951
0.3690633773803711
0.06404685974121094
0.5496938228607178
0.16887187957763672
0.4723043441772461
0.07152462005615234
0.4768257141113281
0.676192045211792
0.31944918632507324
9.5367431640625e-07
0.7733590602874756
0.6792588233947754
0.0831601619720459
0.7608380317687988
0.24744749069213867
0.10640859603881836
0.24453043937683105
0.4030141830444336
0.1465773582458496
0.4013197422027588
0.5896036624908447
0.2256910800933838
0.5233535766601562
0.49119067192077637
0.5638747215270996
0.3610537052154541
0.24059391021728516
0.2040727138519287
0.06701779365539551
0.3771655559539795
7.152557373046875e-07
0.22855520248413086
0.6598868370056152
0.08373665809631348
0.8489329814910889
0.6976394653320312
0.08348798751831055
0.08535528182983398
0.23394155502319336
0.3822171688079834
0.6473588943481445
0.4642367362976074
0.6754019260406494
0.6438417434692383
0.2952396869659424
0.2091541290283203
0.5489535331726074
0.10966110229492188
0.29947328567504883
0.8041040897369385
0.8141379356384277
0.48038554191589355
0.7872140407562256
0.23098254203796387
0.4786849021911621
0.09678101539611816
0.052175283432006836
1.1920928955078125e-06
0.05967450141906738
0.7577369213104248
0.4438202381134033
0.40430355072021484
0.5258841514587402
0.19127511978149414
0.4724559783935547
0.2996370792388916
0.16265869140625
6.9141387939453125e-06
0.152878999710083
0.32272911071777344
0.08030200004577637
0.17779946327209473
0.18794846534729004
0.4273216724395752
0.3605780601501465
0.08878397941589355
0.10346841812133789
0.7410173416137695
0.08131217956542969
0.6034321784973145
0.6728353500366211
0.6688275337219238
0.3358781337738037
0.4501008987426758
0.5353415012359619
0.2893674373626709
0.06353974342346191
0.06027364730834961
0.19144821166992188
0.4335486888885498
0.5291469097137451
0.7010459899902344
0.12151598930358887
0.8034482002258301
0.3093581199645996
0.7385764122009277
0.6016476154327393
0.40660548210144043
9.5367431640625e-07
0.8616082668304443
0.6714189052581787
0.08867430686950684
0.3547070026397705
0.14844083786010742
0.5031635761260986
0.34369993209838867
0.06172299385070801
0.47533297538757324
0.07455682754516602
0.46122026443481445
0.3066079616546631
0.7484328746795654
0.10621047019958496
0.7605514526367188
0.49098753929138184
0.39482831954956055
0.25496840476989746
0.09486222267150879
0.15062499046325684
9.5367431640625e-07
0.7152876853942871
0.4532325267791748
0.48920154571533203
0.30914926528930664
0.160675048828125
0.048892974853515625
0.093994140625
0.3791389465332031
0.756209135055542
0.43530750274658203
0.3195064067840576
0.7278084754943848
0.6014258861541748
0.33983874320983887
0.7818584442138672
0.9914216995239258
1.430511474609375e-06
0.5324480533599854
0.18477320671081543
0.12676000595092773
0.6997151374816895
0.6800596714019775
0.0761101245880127
0.15779995918273926
0.2570309638977051
0.07289552688598633
0.0448153018951416
0.13379955291748047
0.13866782188415527
2.1457672119140625e-06
0.22144579887390137
0.4771153926849365
0.6650958061218262
0.6729142665863037
0.31345152854919434
0.5402905941009521
0.30227088928222656
0.49793529510498047
0.7509195804595947
0.09993481636047363
0.668586254119873
0.3258364200592041
0.3545396327972412
0.7010080814361572
0.4916512966156006
0.2371678352355957
0.19219207763671875
0.5612995624542236
0.10940217971801758
0.7165806293487549
0.06723713874816895
0.5165956020355225
0.9008188247680664
0.1873795986175537
0.47516417503356934
0.13160943984985352
0.5874340534210205
0.11113572120666504
0.38916516304016113
1.1920928955078125e-06
0.6121923923492432
0.15250587463378906
0.4196951389312744
0.28858423233032227
0.49712371826171875
0.08014345169067383
0.19550299644470215
0.0360562801361084
0.4183375835418701
0.37047243118286133
0.06420660018920898
0.4035329818725586
0.44414663314819336
0.29513049125671387
7.152557373046875e-07
0.3918721675872803
0.7069346904754639
0.326035737991333
0.6473672389984131
0.19007229804992676
0.09011101722717285
0.5520923137664795
0.17185020446777344
0.41872644424438477
0.5491037368774414
0.48810768127441406
0.8968808650970459
0.46655988693237305
0.6301472187042236
0.10761380195617676
0.10840058326721191
0.32701754570007324
0.29901671409606934
0.08687210083007812
1.6689300537109375e-06
0.8832528591156006
0.76412034034729
0.27419400215148926
0.6676359176635742
0.40350794792175293
0.12424612045288086
0.20187997817993164
0.5841727256774902
0.4442262649536133
0.45747828483581543
0.29077959060668945
0.19221282005310059
9.5367431640625e-07
0.5708715915679932
0.45310497283935547
0.5302002429962158
0.10839200019836426
0.10785579681396484
0.7029380798339844
0.24057674407958984
0.10603094100952148
0.9044368267059326
0.3098769187927246
0.4647705554962158
0.7598185539245605
0.744438648223877
0.4400310516357422
0.5806231498718262
0.1177670955657959
0.2173783779144287
0.09857034683227539
0.09568953514099121
0.13213133811950684
0.21916484832763672
0.4098665714263916
0.32264161109924316
7.152557373046875e-07
0.7254698276519775
0.829287052154541
0.12167501449584961
0.31360483169555664
0.8598716259002686
0.5863955020904541
0.514552116394043
0.2443068027496338
0.509239912033081
0.5790872573852539
0.3887827396392822
0.6092588901519775
0.4452183246612549
0.09605646133422852
0.21607184410095215
0.22655820846557617
0.4532127380371094
0.10538053512573242
0.7410159111022949
0.5678424835205078
0.2682046890258789
0.8074159622192383
1.430511474609375e-06
0.1163640022277832
0.6974551677703857
0.07980871200561523
0.3038954734802246
0.18839192390441895
0.7169620990753174
0.33806943893432617
0.3866245746612549
0.4836280345916748
0.5445907115936279
0.07662558555603027
0.06106162071228027
0.06760883331298828
0.19735932350158691
0.3930838108062744
7.152557373046875e-07
0.45021915435791016
0.830538272857666
0.7017745971679688
0.585961103439331
0.3218574523925781
0.539090633392334
0.2938542366027832
0.8403253555297852
0.20430278778076172
0.08388805389404297
0.4557759761810303
0.560922384262085
0.6145217418670654
0.5675504207611084
0.17112398147583008
3.337860107421875e-06
0.11842942237854004
0.2419745922088623
0.04980111122131348
0.04160475730895996
0.2509644031524658
0.38218235969543457
0.6985712051391602
0.6185836791992188
0.9043054580688477
0.7954816818237305
0.5532820224761963
0.20273804664611816
0.3723030090332031
0.06261277198791504
0.43027186393737793
0.5285265445709229
0.680487871170044
0.43480420112609863
0.28414082527160645
0.07993483543395996
0.3971388339996338
0.6729140281677246
0.4517025947570801
0.855567455291748
0.3129007816314697
0.1128549575805664
0.2816965579986572
0.581233024597168
9.5367431640625e-07
0.6993176937103271
0.08151674270629883
0.11510682106018066
0.13790607452392578
0.7038023471832275
0.46492719650268555
0.5585565567016602
0.40963292121887207
0.47530364990234375
0.32433652877807617
0.0549159049987793
0.07606840133666992
0.5639410018920898
0.5511031150817871
0.4741232395172119
0.10501718521118164
0.8810064792633057
0.23764514923095703
0.33289265632629395
0.5459761619567871
0.7439301013946533
0.8544871807098389
0.2153465747833252
1.9073486328125e-06
0.24689674377441406
0.07470226287841797
0.40407371520996094
0.5385997295379639
0.5319151878356934
0.8666391372680664
0.6797225475311279
0.5641336441040039
0.9602162837982178
0.32068300247192383
0.10983157157897949
0.11013579368591309
0.3081474304199219
0.19654059410095215
1.430511474609375e-06
0.08398270606994629
0.8500337600708008
0.4351320266723633
0.10741209983825684
0.37300658226013184
0.3966071605682373
0.5343489646911621
0.634742021560669
0.6380012035369873
0.15273237228393555
1.1920928955078125e-06
0.22023892402648926
0.3742225170135498
0.6654350757598877
0.1272144317626953
0.31696176528930664
0.5968544483184814
0.09827089309692383
0.7956867218017578
0.23848938941955566
0.26595425605773926
0.8335614204406738
0.5266506671905518
0.09602665901184082
0.061220645904541016
0.33812856674194336
0.7367846965789795
0.5224757194519043
0.3493349552154541
0.553225040435791
0.2197265625
0.1043400764465332
0.0849151611328125
0.07712078094482422
0.4302937984466553
0.944037675857544
0.5044221878051758
0.6034903526306152
0.778156042098999
0.5305750370025635
0.2637341022491455
7.152557373046875e-07
0.19895696640014648
0.7706384658813477
0.05579113960266113
0.5773630142211914
0.21195578575134277
0.45424890518188477
0.523287296295166
0.5132291316986084
0.06762123107910156
0.48619675636291504
0.2838435173034668
0.5097191333770752
0.45833706855773926
0.7645390033721924
0.3187880516052246
0.2909107208251953
0.6037256717681885
0.11268997192382812
0.08809900283813477
1.9073486328125e-06
0.7868456840515137
0.07983160018920898
0.7024843692779541
0.3146958351135254
0.18057703971862793
0.539942741394043
0.5526607036590576
0.2677304744720459
0.5080211162567139
0.06153392791748047
0.04822969436645508
0.22926616668701172
0.26676225662231445
0.29996228218078613
0.6630871295928955
0.10633349418640137
0.5937504768371582
1.1920928955078125e-06
0.8387174606323242
0.45769238471984863
0.7295780181884766
0.12894010543823242
0.38430047035217285
0.14609551429748535
0.4531533718109131
0.6443595886230469
0.6883742809295654
0.5270943641662598
0.0528864860534668
3.5762786865234375e-06
0.25749945640563965
0.37258100509643555
0.6805000305175781
0.1065371036529541
0.5112097263336182
0.5986843109130859
0.12548255920410156
0.9569172859191895
0.7619051933288574
0.3165614604949951
0.5483999252319336
0.6952488422393799
0.7712633609771729
0.12859225273132324
0.15140724182128906
0.18198800086975098
0.3059415817260742
0.44580554962158203
0.06869268417358398
0.10165882110595703
0.2448716163635254
0.18914461135864258
0.8641297817230225
0.4458460807800293
0.540585994720459
0.13161444664001465
0.3002338409423828
0.7147927284240723
0.3832535743713379
0.0651094913482666
0.635535717010498
0.15674710273742676
0.42328453063964844
1.1920928955078125e-06
0.526658296585083
0.8362045288085938
0.6552276611328125
0.4698309898376465
0.12459230422973633
0.4684450626373291
0.3694305419921875
0.25786328315734863
0.10447525978088379
0.41648030281066895
7.152557373046875e-07
0.8002753257751465
0.24863243103027344
0.3381326198577881
0.9234826564788818
0.7786240577697754
0.12947511672973633
0.5422472953796387
0.15227746963500977
0.42812561988830566
0.10999846458435059
0.55312180519104
0.6751024723052979
0.4951469898223877
0.2585771083831787
0.19621896743774414
0.05570173263549805
0.23385906219482422
0.40323305130004883
1.1920928955078125e-06
0.6513278484344482
0.4652440547943115
0.09946012496948242
0.13007354736328125
0.47563648223876953
0.3068716526031494
0.8717947006225586
0.7127037048339844
0.442363977432251
0.11508011817932129
0.6275749206542969
0.5049424171447754
0.3141753673553467
0.5007247924804688
0.2058267593383789
0.29479312896728516
0.15568757057189941
0.11371326446533203
2.1457672119140625e-06
0.6282670497894287
0.4039163589477539
0.0920863151550293
0.5677387714385986
0.0894012451171875
0.2603905200958252
0.10112643241882324
0.38701510429382324
0.6171956062316895
0.19875001907348633
0.08108043670654297
0.483379602432251
0.3774983882904053
0.6120748519897461
0.5330204963684082
0.20491933822631836
0.09893512725830078
0.04545307159423828
0.1855623722076416
0.21015524864196777
0.45918869972229004
0.978163480758667
0.5740163326263428
0.13106179237365723
0.7827193737030029
0.459796667098999
7.152557373046875e-07
0.7699189186096191
0.7063403129577637
0.07893228530883789
0.1763772964477539
0.43947649002075195
0.4180631637573242
0.5482168197631836
0.5459191799163818
0.08819746971130371
0.5750198364257812
0.41207337379455566
0.32834291458129883
0.46557116508483887
0.1083371639251709
0.10204267501831055
0.7774052619934082
0.5896744728088379
0.2845640182495117
0.3200562000274658
0.6027038097381592
0.14085650444030762
0.23541474342346191
1.1920928955078125e-06
0.8155882358551025
0.49431586265563965
0.3837409019470215
0.5427789688110352
0.46387648582458496
0.2026653289794922
0.07634758949279785
0.4445767402648926
9.5367431640625e-07
0.5929641723632812
0.41748905181884766
0.3181462287902832
0.46422457695007324
0.33122754096984863
0.8998398780822754
0.622239351272583
0.0989217758178711
0.9794161319732666
0.09827566146850586
0.4026331901550293
0.20327997207641602
0.0933539867401123
0.4953744411468506
0.45647358894348145
0.529350996017456
4.5299530029296875e-06
0.35013556480407715
0.0793764591217041
0.22271108627319336
0.39821410179138184
0.5243716239929199
0.10294938087463379
0.7139706611633301
0.3090691566467285
0.7592267990112305
0.2877686023712158
0.46437621116638184
0.7605931758880615
0.6486454010009766
0.10496091842651367
0.309093713760376
0.06434297561645508
0.7115395069122314
0.15718674659729004
0.5277392864227295
0.05658864974975586
0.24595427513122559
0.2556285858154297
0.7723853588104248
0.6987109184265137
0.11573314666748047
0.5981974601745605
7.152557373046875e-07
0.9804267883300781
0.24623823165893555
0.5051002502441406
0.12686657905578613
0.5456986427307129
0.059676408767700195
0.6356377601623535
0.3152155876159668
0.18267345428466797
0.5116374492645264
0.2947378158569336
0.4704113006591797
0.4715254306793213
0.2630164623260498
0.3016517162322998
0.7027461528778076
0.10482192039489746
0.12541723251342773
0.9045505523681641
0.6001722812652588
7.152557373046875e-07
0.5188698768615723
0.09948110580444336
0.7350704669952393
0.46866273880004883
0.07256245613098145
0.16820621490478516
0.14840173721313477
0.344773530960083
0.5427658557891846
0.5888388156890869
0.4955604076385498
0.06273484230041504
0.06371355056762695
0.3336338996887207
0.7469456195831299
0.6927216053009033
0.5196774005889893
0.594351053237915
0.32801079750061035
0.3267381191253662
0.11799073219299316
0.8706793785095215
0.24181246757507324
0.267549991607666
0.8675084114074707
1.1920928955078125e-06
0.5371088981628418
0.10401344299316406
0.49051809310913086
0.6006050109863281
0.2915031909942627
0.6158649921417236
0.16080617904663086
0.04541373252868652
0.4852614402770996
0.6940793991088867
0.7266349792480469
0.2885868549346924
0.4871997833251953
9.5367431640625e-07
0.8652057647705078
0.2970733642578125
0.1258854866027832
0.1611015796661377
0.09334421157836914
0.3376729488372803
0.7811405658721924
0.43204808235168457
0.12413549423217773
0.37299156188964844
0.524878740310669
0.17774295806884766
0.22431468963623047
9.5367431640625e-07
0.696821928024292
0.7616720199584961
0.5960690975189209
0.1265580654144287
0.11104273796081543
0.8838975429534912
0.2897322177886963
0.4156835079193115
0.4978291988372803
0.14630365371704102
0.11355447769165039
0.68009352684021
0.17252349853515625
0.6281437873840332
0.49292778968811035
0.7102019786834717
0.3158743381500244
0.22097516059875488
0.06008601188659668
0.07535028457641602
0.3679952621459961
0.7564761638641357
0.6012692451477051
0.7267773151397705
0.8677165508270264
0.24582529067993164
9.5367431640625e-07
0.3120744228363037
0.09833669662475586
0.08742165565490723
0.4340987205505371
0.8678851127624512
0.4405856132507324
0.20574688911437988
0.5737724304199219
0.34433794021606445
0.5099756717681885
0.4289860725402832
0.24426674842834473
0.5228188037872314
0.8508739471435547
0.3352994918823242
0.8589003086090088
0.777381420135498
0.09934544563293457
0.21116018295288086
0.5716488361358643
0.12950730323791504
0.35478925704956055
0.24000763893127441
9.5367431640625e-07
0.4638631343841553
0.8445367813110352
0.5348563194274902
0.10374903678894043
0.11196613311767578
0.4935786724090576
0.3784322738647461
0.13184380531311035
0.24562430381774902
0.7349929809570312
0.7648639678955078
0.7509682178497314
0.6077005863189697
7.152557373046875e-07
0.5160202980041504
0.3106977939605713
0.10377120971679688
0.12443971633911133
0.10425829887390137
0.38550591468811035
0.22662830352783203
0.9387309551239014
0.520190954208374
0.19420671463012695
0.6121945381164551
0.5336370468139648
0.10799503326416016
0.6007184982299805
0.12454700469970703
0.4891970157623291
0.5087733268737793
0.32315778732299805
0.8546051979064941
0.7446255683898926
0.09660863876342773
0.8201193809509277
0.30765771865844727
0.48188018798828125
0.4143025875091553
7.152557373046875e-07
0.10502862930297852
0.2337019443511963
0.1858375072479248
0.4499385356903076
0.6427047252655029
0.48218202590942383
0.40463733673095703
0.07666897773742676
0.1487724781036377
0.43358445167541504
0.4169435501098633
0.3295760154724121
9.5367431640625e-07
0.8373703956604004
0.09188270568847656
0.7655448913574219
0.9271643161773682
0.09252619743347168
0.22240686416625977
0.22455310821533203
0.3826897144317627
0.11885237693786621
0.3782639503479004
0.5102801322937012
0.5290107727050781
0.5114450454711914
0.07840657234191895
0.8011472225189209
0.5294280052185059
0.6000175476074219
0.8239622116088867
0.3161468505859375
0.11080408096313477
0.31969285011291504
0.23542308807373047
0.4351809024810791
0.943122148513794
0.12528514862060547
0.686347246170044
0.13000249862670898
0.41026759147644043
1.1920928955078125e-06
0.7219617366790771
0.610797643661499
0.18923211097717285
0.32334208488464355
0.12288594245910645
0.5554602146148682
0.2463388442993164
0.4509296417236328
0.5547432899475098
0.5889959335327148
1.0210113525390625
0.7906966209411621
0.4832119941711426
0.7946863174438477
0.15291905403137207
0.08650803565979004
0.27184081077575684
0.17937374114990234
1.1920928955078125e-06
0.07396197319030762
0.7910082340240479
0.6585924625396729
0.3370683193206787
0.1650092601776123
0.049481868743896484
0.5287554264068604
0.20579004287719727
0.31417369842529297
0.12437891960144043
0.46611452102661133
0.7984833717346191
0.8206565380096436
0.6251440048217773
0.5607624053955078
0.5879223346710205
0.12575316429138184
0.5084404945373535
0.2215895652770996
0.24987387657165527
0.1183314323425293
9.5367431640625e-07
0.4436821937561035
0.614893913269043
0.5401010513305664
0.05327653884887695
0.43498802185058594
0.24366331100463867
0.24706244468688965
0.2203831672668457
0.10953330993652344
0.6925678253173828
0.5831754207611084
0.6028828620910645
0.12105202674865723
0.4378068447113037
0.9262628555297852
0.11036252975463867
0.1501607894897461
1.1920928955078125e-06
0.5939717292785645
0.3137686252593994
0.6035265922546387
0.3386650085449219
0.4631836414337158
0.18445372581481934
0.49051570892333984
0.27802395820617676
0.5044307708740234
0.7720551490783691
0.3267223834991455
1.430511474609375e-06
0.8803174495697021
0.7506582736968994
0.1008293628692627
0.4786691665649414
0.3716757297515869
0.18358850479125977
0.07331347465515137
0.0911722183227539
0.07876038551330566
0.3220987319946289
0.38463878631591797
0.6322388648986816
0.4763822555541992
0.08225512504577637
0.3132760524749756
0.215928316116333
0.5887677669525146
0.4737222194671631
0.5332567691802979
0.33150649070739746
0.8095083236694336
0.11550283432006836
0.9172680377960205
0.2283792495727539
1.1920928955078125e-06
0.0955514907836914
0.7866654396057129
0.07198405265808105
0.326094388961792
0.30857276916503906
0.601142168045044
0.1513838768005371
0.5431184768676758
