0.08689379692077637
0.005658864974975586
0.04354429244995117
0.022524356842041016
0.005287885665893555
0.0804293155670166
0.08731508255004883
0.023554086685180664
0.0369412899017334
0.011730432510375977
0.05433964729309082
0.060395240783691406
0.00802922248840332
0.005017757415771484
0.035491943359375
0.05907917022705078
7.152557373046875e-07
0.024129152297973633
0.032335519790649414
0.016686201095581055
0.03972291946411133
0.012446165084838867
0.04692435264587402
0.04584646224975586
0.034358978271484375
0.06645798683166504
0.005180835723876953
0.03333902359008789
0.003739595413208008
0.013001203536987305
0.02504277229309082
0.01257467269897461
7.152557373046875e-07
0.030042171478271484
0.015321016311645508
0.004677295684814453
0.005319356918334961
0.033147573471069336
0.025606632232666016
0.01281428337097168
0.06202816963195801
0.0880441665649414
0.0369412899017334
0.057434797286987305
0.0075414180755615234
0.03324294090270996
0.00722050666809082
0.029362916946411133
0.0538334846496582
0.03906989097595215
0.012076616287231445
0.030604839324951172
0.04654264450073242
0.009694576263427734
0.015241384506225586
0.017026185989379883
0.031149625778198242
0.02594590187072754
9.5367431640625e-07
0.004916191101074219
0.05174684524536133
0.028779029846191406
0.017355680465698242
0.03471994400024414
0.032861948013305664
1.1920928955078125e-06
0.026137351989746094
0.006089448928833008
0.015569925308227539
0.04080343246459961
0.004396915435791016
0.04131126403808594
0.04010152816772461
0.039446115493774414
0.012496471405029297
0.01892566680908203
0.027692556381225586
0.04169964790344238
0.022783756256103516
0.06057262420654297
0.21088314056396484
0.006777763366699219
0.0629117488861084
0.05120277404785156
0.11403489112854004
0.03951835632324219
9.5367431640625e-07
0.02579522132873535
0.01809835433959961
0.032854557037353516
0.04184889793395996
0.009192228317260742
0.016731739044189453
0.004683971405029297
0.023824453353881836
0.011445999145507812
0.026082515716552734
0.010405540466308594
0.014073848724365234
0.026848554611206055
0.10257959365844727
0.031238317489624023
0.06933355331420898
0.005370140075683594
0.06395697593688965
0.020939111709594727
0.02830648422241211
0.05601334571838379
0.005829572677612305
0.06136035919189453
0.006523847579956055
0.014865875244140625
0.015227079391479492
0.023408889770507812
0.026574134826660156
7.152557373046875e-07
0.011417388916015625
0.03630328178405762
0.006613492965698242
0.03984189033508301
0.03595161437988281
0.03428220748901367
0.0053119659423828125
0.006398916244506836
0.05218791961669922
0.019314289093017578
0.02200627326965332
0.04507780075073242
0.07945847511291504
0.04573774337768555
0.01511073112487793
0.014643669128417969
0.03825831413269043
0.018411636352539062
0.038977622985839844
0.007922649383544922
0.029013633728027344
7.152557373046875e-07
0.0344548225402832
0.026866436004638672
0.061719417572021484
0.007529020309448242
0.018742799758911133
0.015835046768188477
0.08397531509399414
0.0458829402923584
0.06231951713562012
0.019480466842651367
0.03262901306152344
1.1920928955078125e-06
0.00978398323059082
0.01461172103881836
0.0376131534576416
0.004973649978637695
0.051694631576538086
0.025567293167114258
0.006245136260986328
0.03818774223327637
0.026957988739013672
0.04296302795410156
0.023167848587036133
0.0524904727935791
0.011732101440429688
0.07937288284301758
0.01810002326965332
0.022560596466064453
0.053205013275146484
0.10231447219848633
0.04356670379638672
0.025673866271972656
0.027512073516845703
0.007821083068847656
0.05061650276184082
0.03725409507751465
0.020661354064941406
0.006127834320068359
0.021092891693115234
9.5367431640625e-07
0.0168759822845459
0.04741954803466797
1.6689300537109375e-06
0.020304203033447266
0.03193044662475586
0.038182973861694336
0.016367435455322266
0.008279561996459961
0.00702667236328125
0.06936264038085938
0.0364835262298584
0.06396698951721191
0.004509687423706055
0.03586721420288086
0.006362438201904297
0.04518890380859375
0.040344953536987305
0.018700838088989258
0.02283191680908203
0.02163100242614746
0.02651667594909668
0.04286527633666992
0.015529870986938477
0.07080817222595215
0.0063664913177490234
0.007696628570556641
0.04429054260253906
0.04239702224731445
0.02731466293334961
0.051859378814697266
0.05795717239379883
0.055510759353637695
0.04309225082397461
0.033434152603149414
0.027378320693969727
0.029798507690429688
0.04038572311401367
0.015931367874145508
0.0397641658782959
0.05041623115539551
7.152557373046875e-07
0.010133743286132812
0.044824838638305664
0.009844541549682617
0.03650355339050293
0.08775448799133301
0.07773089408874512
0.005692005157470703
0.008474588394165039
0.011621952056884766
0.0248568058013916
0.03565239906311035
0.05287599563598633
0.02962493896484375
0.017833709716796875
0.05334162712097168
0.04307699203491211
0.041274309158325195
0.042875051498413086
1.1920928955078125e-06
0.010496377944946289
0.02597355842590332
0.050467729568481445
0.05654191970825195
2.1457672119140625e-06
0.10921478271484375
0.06096696853637695
0.03574681282043457
0.008335113525390625
0.053235769271850586
0.020615100860595703
0.043747901916503906
0.050830841064453125
0.019935131072998047
0.021245479583740234
0.03929948806762695
0.01451253890991211
0.008994817733764648
0.017702102661132812
0.004853010177612305
0.024339675903320312
0.036931753158569336
0.06164145469665527
0.034412384033203125
0.005743741989135742
0.011112689971923828
0.02353525161743164
0.02489447593688965
0.04817986488342285
0.006891727447509766
0.04494881629943848
0.04101395606994629
0.0324094295501709
0.06321549415588379
0.022942304611206055
0.03539752960205078
0.007725715637207031
0.02588820457458496
0.03970074653625488
0.03801679611206055
0.016546964645385742
9.5367431640625e-07
0.005721330642700195
0.06692218780517578
0.09364891052246094
0.04185605049133301
0.07197260856628418
0.07177400588989258
0.020727872848510742
0.015568256378173828
0.01552581787109375
0.02585911750793457
0.00638890266418457
0.005372524261474609
0.034479618072509766
0.006562471389770508
0.0419466495513916
0.03468632698059082
0.04902958869934082
0.021054983139038086
4.76837158203125e-07
0.048277854919433594
9.298324584960938e-06
0.04878664016723633
0.049321889877319336
0.030164003372192383
0.12073540687561035
0.014978885650634766
0.007150888442993164
0.0494074821472168
0.004332304000854492
0.004144191741943359
0.021863937377929688
0.023859500885009766
0.02247309684753418
0.015482664108276367
0.023786306381225586
0.03927159309387207
0.027364015579223633
0.027509450912475586
0.04401588439941406
0.038700103759765625
0.0051021575927734375
0.08199214935302734
0.018518924713134766
0.05851459503173828
0.0641176700592041
0.009090423583984375
0.03653550148010254
0.04711127281188965
0.005906581878662109
0.04136967658996582
0.02231144905090332
0.04465985298156738
0.015643835067749023
0.03498649597167969
0.033294677734375
0.028279542922973633
0.036071062088012695
0.03633475303649902
7.152557373046875e-07
0.034571170806884766
0.009688854217529297
0.02829432487487793
0.08455371856689453
0.03972434997558594
0.005446195602416992
0.07729697227478027
0.0634145736694336
0.014279603958129883
0.03132438659667969
4.76837158203125e-07
0.014209985733032227
0.032755136489868164
0.014946699142456055
0.009195804595947266
0.010780811309814453
0.05812263488769531
0.06167745590209961
0.005695819854736328
0.04435443878173828
0.023678064346313477
0.12790703773498535
0.007877349853515625
0.004372119903564453
0.041841745376586914
0.06700706481933594
0.03664350509643555
0.00878596305847168
0.028275489807128906
0.02063298225402832
0.06091189384460449
0.024481534957885742
0.04927873611450195
0.024371862411499023
0.04993891716003418
0.05596756935119629
0.032743215560913086
0.006391048431396484
0.02420973777770996
1.1920928955078125e-06
0.03862404823303223
0.038445234298706055
0.0402982234954834
0.07177114486694336
0.02737569808959961
0.009288311004638672
0.05633974075317383
0.01549386978149414
0.0054607391357421875
0.00849008560180664
0.005311250686645508
0.023101091384887695
9.5367431640625e-07
0.023076772689819336
0.02876424789428711
0.031600236892700195
0.01792597770690918
0.04958176612854004
0.03395891189575195
0.0386044979095459
0.04234051704406738
0.006356716156005859
0.00973653793334961
0.0362701416015625
0.03061699867248535
0.023230552673339844
0.048160552978515625
0.02243947982788086
0.0839693546295166
0.02291560173034668
0.059453487396240234
0.07264208793640137
0.004225254058837891
0.04667782783508301
0.00683140754699707
0.026708602905273438
0.024266958236694336
0.043036460876464844
0.021502017974853516
4.76837158203125e-07
0.03343939781188965
0.0058896541595458984
0.03430438041687012
0.021385669708251953
0.005439043045043945
0.053112030029296875
0.03228402137756348
0.0364530086517334
0.01218557357788086
0.015460968017578125
9.5367431640625e-07
0.007006645202636719
0.05018258094787598
0.03671908378601074
0.04555630683898926
0.023938894271850586
0.023103713989257812
0.0061702728271484375
0.03795504570007324
0.012097358703613281
0.03894805908203125
0.07318973541259766
0.014629602432250977
0.05165219306945801
0.007507801055908203
0.007017612457275391
0.05424976348876953
0.007839679718017578
0.04177260398864746
0.01986098289489746
0.021411895751953125
0.02668309211730957
0.046396493911743164
0.005014896392822266
0.028562545776367188
0.022593021392822266
0.027377605438232422
0.04077506065368652
7.152557373046875e-07
0.02095174789428711
0.03638410568237305
0.06852364540100098
0.06304430961608887
0.013477087020874023
0.04312944412231445
0.02683711051940918
0.03865170478820801
0.05300712585449219
0.03830718994140625
0.06112098693847656
0.019252777099609375
0.012692451477050781
0.044284820556640625
0.0076220035552978516
0.02716851234436035
0.007779598236083984
0.022890329360961914
0.03593015670776367
0.027148723602294922
9.5367431640625e-07
0.02623438835144043
0.11294960975646973
0.009053707122802734
0.014723062515258789
0.03149914741516113
0.00450897216796875
0.007341623306274414
0.09612488746643066
0.0172879695892334
0.027713775634765625
0.03878664970397949
0.05117082595825195
0.02505207061767578
9.5367431640625e-07
0.014059305191040039
0.039430856704711914
0.022704124450683594
0.040396690368652344
0.052437543869018555
0.01733684539794922
0.05037093162536621
0.005692720413208008
0.05492091178894043
0.02085280418395996
0.007352590560913086
0.035724639892578125
0.03185677528381348
0.048255205154418945
0.07388472557067871
0.01616835594177246
0.038411617279052734
0.007279872894287109
0.046678781509399414
0.02129054069519043
4.76837158203125e-07
0.012206077575683594
0.03503727912902832
0.02591252326965332
0.03973507881164551
0.006574869155883789
0.04069995880126953
0.03479933738708496
0.07779049873352051
0.054463863372802734
0.10134649276733398
0.007985830307006836
0.04122471809387207
0.006717681884765625
0.022145509719848633
0.01567673683166504
0.02942681312561035
0.038630008697509766
0.04564523696899414
0.020885467529296875
0.00853276252746582
0.024142980575561523
0.060483694076538086
0.011206388473510742
9.5367431640625e-07
0.04498696327209473
0.024569034576416016
0.024309396743774414
0.08275270462036133
0.0041656494140625
0.026517391204833984
0.042725563049316406
0.04624676704406738
0.02860116958618164
0.0342259407043457
0.05326962471008301
0.006078481674194336
7.152557373046875e-07
0.03921914100646973
0.012572765350341797
0.02650928497314453
0.015246391296386719
0.022883892059326172
0.01575636863708496
0.05144500732421875
0.05158519744873047
0.053342580795288086
0.0053479671478271484
0.04827117919921875
0.006151914596557617
0.020874500274658203
0.044861555099487305
0.044429779052734375
9.5367431640625e-07
0.02823615074157715
0.05347800254821777
0.02997279167175293
0.03549504280090332
0.03777670860290527
0.0298769474029541
0.03791499137878418
0.04710197448730469
0.06978464126586914
0.027393817901611328
0.005285739898681641
0.011361122131347656
0.039438724517822266
0.11894536018371582
1.9073486328125e-06
0.007133960723876953
0.05076766014099121
0.06919646263122559
0.01598501205444336
0.03448653221130371
0.015495777130126953
0.008714675903320312
0.022156476974487305
0.041228532791137695
0.05837655067443848
0.011951208114624023
0.026509523391723633
0.03642606735229492
0.03344988822937012
0.01839447021484375
0.036356449127197266
0.0033719539642333984
0.01312565803527832
0.0055255889892578125
0.008393526077270508
0.017121315002441406
0.04719829559326172
0.03569459915161133
0.04104447364807129
0.07208895683288574
1.430511474609375e-06
0.00905752182006836
0.053743600845336914
0.028881072998046875
0.061423301696777344
0.015647411346435547
0.025373220443725586
0.049834489822387695
0.04825997352600098
0.006360292434692383
0.03358602523803711
0.012088775634765625
0.02063918113708496
0.008007287979125977
0.048676252365112305
0.004532814025878906
0.019728660583496094
0.04103493690490723
0.016833066940307617
0.034377336502075195
0.02845621109008789
0.03414320945739746
0.049089908599853516
0.04222607612609863
0.04268908500671387
0.028836965560913086
7.152557373046875e-07
0.006544589996337891
0.005828380584716797
0.033571481704711914
0.04367947578430176
0.06164050102233887
0.02991962432861328
0.018918514251708984
0.04722118377685547
0.13063549995422363
0.038520097732543945
0.06853485107421875
0.018486976623535156
0.04679298400878906
0.057646751403808594
0.01586461067199707
0.007069826126098633
0.007871150970458984
0.03525400161743164
0.00437474250793457
0.008706808090209961
0.03451800346374512
0.026029109954833984
0.03705143928527832
9.5367431640625e-07
0.01068568229675293
0.043430328369140625
0.04293012619018555
0.018041372299194336
0.08085060119628906
0.022485971450805664
0.00451970100402832
7.152557373046875e-07
0.004552364349365234
0.006978034973144531
0.02621769905090332
0.0061473846435546875
0.01729297637939453
0.05599713325500488
0.026079177856445312
0.0438082218170166
0.03147482872009277
0.04690194129943848
0.058902740478515625
0.020795822143554688
0.03903555870056152
0.03859305381774902
0.008631706237792969
0.024440526962280273
1.1920928955078125e-06
0.007891416549682617
0.0195314884185791
0.024085044860839844
0.005475044250488281
0.04206442832946777
0.04156947135925293
0.03319144248962402
0.037076473236083984
0.029949188232421875
0.02993488311767578
0.0552363395690918
0.05050230026245117
0.06161689758300781
0.027428150177001953
0.01365351676940918
0.05005240440368652
0.035953521728515625
0.0052242279052734375
0.020480871200561523
0.007238149642944336
0.017324447631835938
0.03754377365112305
0.024731159210205078
0.03393101692199707
0.030879974365234375
0.013767719268798828
9.5367431640625e-07
0.04473614692687988
0.042403221130371094
0.05422091484069824
0.0260317325592041
0.00424504280090332
0.03827834129333496
0.005715608596801758
0.03932690620422363
0.04327869415283203
0.011786937713623047
0.04767298698425293
0.026509761810302734
0.10973954200744629
0.06879043579101562
0.009860038757324219
0.06199240684509277
0.026226520538330078
0.013759851455688477
0.011857271194458008
0.024424314498901367
0.029381275177001953
0.018732547760009766
0.04854154586791992
0.048926353454589844
0.02385997772216797
9.5367431640625e-07
0.03301882743835449
0.012755393981933594
0.00947117805480957
0.04416489601135254
0.024560928344726562
0.03537321090698242
0.049137115478515625
0.015066385269165039
0.053861141204833984
0.005409717559814453
0.011118650436401367
0.04004311561584473
0.04050326347351074
0.030358552932739258
0.043936967849731445
0.01850438117980957
0.04342460632324219
0.012173652648925781
0.02833390235900879
0.03233027458190918
0.05082869529724121
0.005254983901977539
7.152557373046875e-07
0.03837990760803223
0.024357080459594727
0.037047386169433594
0.04826068878173828
0.006038665771484375
0.003917694091796875
0.028346776962280273
0.05038928985595703
0.1047365665435791
0.043569087982177734
0.023764371871948242
0.037210941314697266
0.005628347396850586
9.5367431640625e-07
0.01751422882080078
0.022241592407226562
0.05599665641784668
0.022809982299804688
0.04928445816040039
0.024474620819091797
0.01228785514831543
0.032567739486694336
0.09368705749511719
0.016880035400390625
0.005054950714111328
0.04341745376586914
0.04291677474975586
0.06881928443908691
7.152557373046875e-07
0.029135704040527344
0.014627933502197266
0.018189430236816406
0.047489166259765625
0.04988670349121094
0.025572776794433594
0.0052568912506103516
0.005746364593505859
0.04801487922668457
0.03988909721374512
0.026509761810302734
0.04590296745300293
0.05182075500488281
0.017031431198120117
0.029653549194335938
0.052276611328125
0.03561043739318848
0.08517122268676758
0.05374956130981445
0.01586604118347168
0.006396055221557617
0.061600685119628906
0.02905559539794922
0.008365154266357422
0.03395342826843262
0.014279365539550781
0.03805971145629883
0.00407862663269043
0.039154052734375
0.00763702392578125
7.152557373046875e-07
0.03574657440185547
0.11100196838378906
0.0366513729095459
0.06354355812072754
0.014149904251098633
0.0464627742767334
0.040854454040527344
0.03399825096130371
0.043503522872924805
0.058417320251464844
0.011425256729125977
0.033991098403930664
0.004159212112426758
1.1920928955078125e-06
0.005478382110595703
0.03536820411682129
0.015182971954345703
0.039250850677490234
0.011418819427490234
0.02709507942199707
0.004967689514160156
0.03260183334350586
2.6226043701171875e-06
0.06618237495422363
0.006215095520019531
0.0280153751373291
0.024319887161254883
0.06711697578430176
0.014620780944824219
0.03872418403625488
0.01464080810546875
0.03814101219177246
0.035993099212646484
0.04766535758972168
0.0406956672668457
0.006137847900390625
0.0077724456787109375
0.024872541427612305
0.017821550369262695
0.007135152816772461
0.043085575103759766
0.021722793579101562
0.032713890075683594
0.03839445114135742
0.016527175903320312
9.5367431640625e-07
0.026596546173095703
0.03816509246826172
0.19794344902038574
0.010067939758300781
0.06100130081176758
0.044104814529418945
0.024497032165527344
0.03641462326049805
0.007428884506225586
0.03948688507080078
0.006974697113037109
0.03893113136291504
0.02146005630493164
0.008348226547241211
0.06443524360656738
0.01964569091796875
0.036432743072509766
0.11196589469909668
0.06363558769226074
0.011688709259033203
0.02223038673400879
0.006753683090209961
0.043192386627197266
0.038838863372802734
0.00512385368347168
0.02868175506591797
0.03964638710021973
0.027486801147460938
0.03529620170593262
0.019312143325805664
0.04946160316467285
0.0061511993408203125
0.03411507606506348
0.028941631317138672
7.152557373046875e-07
0.06133580207824707
0.04512643814086914
0.010871410369873047
0.026006698608398438
0.005751132965087891
0.049076080322265625
0.0069620609283447266
0.015716552734375
0.05976057052612305
0.023070096969604492
0.04864311218261719
0.04249215126037598
0.011210203170776367
0.0326085090637207
0.040479421615600586
0.04869484901428223
7.152557373046875e-07
0.02750849723815918
0.012781858444213867
0.040334224700927734
0.02613377571105957
0.007987260818481445
9.5367431640625e-07
0.05085468292236328
0.004678964614868164
0.006362438201904297
0.06211447715759277
0.043027400970458984
0.023287057876586914
0.05051541328430176
0.02925419807434082
0.038401126861572266
0.04221153259277344
0.047944068908691406
0.02008056640625
0.006658792495727539
0.0360720157623291
0.010549068450927734
0.020713329315185547
0.03763890266418457
0.035349369049072266
0.03618788719177246
0.007004737854003906
0.008543014526367188
0.043274641036987305
0.03593730926513672
1.430511474609375e-06
0.013088226318359375
0.07032179832458496
0.053789377212524414
0.06780815124511719
0.0406956672668457
0.013192415237426758
0.011227846145629883
0.009023189544677734
0.01615142822265625
0.03982663154602051
0.03536486625671387
0.03012847900390625
0.03302621841430664
0.00555872917175293
0.007347583770751953
0.042705535888671875
0.0045435428619384766
0.03298139572143555
0.00720977783203125
0.09725666046142578
0.014293670654296875
0.015069723129272461
0.04213237762451172
0.04797863960266113
0.048113107681274414
0.02890157699584961
0.018700122833251953
0.0615692138671875
0.025052309036254883
9.5367431640625e-07
0.022119522094726562
0.03173995018005371
0.03573107719421387
0.0064029693603515625
0.11466741561889648
0.05772066116333008
0.025392532348632812
7.152557373046875e-07
0.040294647216796875
0.0335543155670166
0.03137946128845215
0.00768589973449707
0.00461125373840332
0.05380654335021973
0.020517587661743164
0.042287349700927734
0.018017292022705078
0.036061763763427734
0.03536677360534668
0.04671502113342285
0.009284257888793945
0.05789780616760254
0.03730154037475586
0.0540003776550293
0.06782412528991699
0.015801429748535156
0.03427481651306152
0.019089221954345703
0.05213427543640137
0.006655216217041016
0.06324958801269531
7.152557373046875e-07
0.008638381958007812
0.04146122932434082
0.014687776565551758
0.06938815116882324
0.039719343185424805
0.008545637130737305
0.03817152976989746
0.004773139953613281
0.026988506317138672
0.03487873077392578
0.038836002349853516
9.5367431640625e-07
0.011327981948852539
0.026727914810180664
0.04435372352600098
0.028348684310913086
0.061038970947265625
0.041764259338378906
0.022641897201538086
0.00681304931640625
0.017513036727905273
0.004792451858520508
0.05149269104003906
0.08284687995910645
0.041478633880615234
0.0073010921478271484
0.06537246704101562
0.023171424865722656
0.0417482852935791
0.012687206268310547
0.024161100387573242
0.008286714553833008
0.07899355888366699
0.08990645408630371
0.012141227722167969
0.05466866493225098
0.07691121101379395
0.01578807830810547
0.009192228317260742
0.027650117874145508
0.016307592391967773
0.04052877426147461
0.02122187614440918
0.021213531494140625
0.03699755668640137
0.04822087287902832
0.04349112510681152
7.152557373046875e-07
0.020562410354614258
0.031279563903808594
0.005004405975341797
0.020516633987426758
0.06763672828674316
0.005628347396850586
0.03835749626159668
0.0484461784362793
0.04034066200256348
0.08856463432312012
0.07308173179626465
0.035225868225097656
0.01573038101196289
0.056517839431762695
0.050432682037353516
0.02466297149658203
0.0052149295806884766
0.01421213150024414
0.03888869285583496
0.04725456237792969
0.01392054557800293
0.00513005256652832
7.152557373046875e-07
4.5299530029296875e-06
0.0186007022857666
0.09998202323913574
0.09332442283630371
0.07366752624511719
0.016062259674072266
0.05186748504638672
0.05829167366027832
0.007947921752929688
0.010607719421386719
0.03127145767211914
0.02810359001159668
0.04234194755554199
0.015001296997070312
0.011903524398803711
0.02398991584777832
0.041168212890625
0.029592275619506836
0.019988536834716797
0.024500131607055664
0.022344112396240234
0.056507110595703125
0.007913351058959961
0.049691200256347656
0.031571149826049805
0.0353701114654541
0.011518716812133789
0.004392147064208984
0.06472897529602051
0.011510610580444336
0.046911001205444336
0.028113842010498047
0.015197277069091797
7.152557373046875e-07
0.01408529281616211
0.043469905853271484
0.03700828552246094
0.04032611846923828
0.02157425880432129
0.003344297409057617
0.07088851928710938
0.019321203231811523
0.041197776794433594
0.06367993354797363
0.11768698692321777
0.014201641082763672
0.05666756629943848
0.051480770111083984
0.004101276397705078
0.014744997024536133
0.006587982177734375
0.014955997467041016
4.76837158203125e-07
0.027306318283081055
0.007025718688964844
0.02695441246032715
0.023975610733032227
0.01494145393371582
0.042284250259399414
0.03377819061279297
0.018433570861816406
0.03750777244567871
0.05670356750488281
0.04433846473693848
0.044269561767578125
0.020676136016845703
0.006899595260620117
0.03280353546142578
0.029409170150756836
0.0704796314239502
0.04192233085632324
0.05936145782470703
0.012782812118530273
4.76837158203125e-07
0.0042572021484375
0.014411211013793945
0.0381319522857666
0.003413677215576172
0.006301164627075195
0.021259784698486328
0.06729745864868164
0.0068302154541015625
0.008743524551391602
0.07351088523864746
0.036253929138183594
0.041283607482910156
0.02805185317993164
0.02320122718811035
0.025436878204345703
0.028558969497680664
0.01438450813293457
0.036107778549194336
0.02226424217224121
0.06194877624511719
0.039745330810546875
0.026492595672607422
0.046469926834106445
9.5367431640625e-07
0.014550924301147461
0.03860044479370117
0.034539222717285156
0.022625207901000977
0.039229631423950195
2.1457672119140625e-06
0.051285743713378906
0.01633763313293457
0.02195143699645996
0.05327296257019043
0.05177187919616699
0.07108044624328613
0.005050182342529297
0.04035806655883789
0.0068264007568359375
0.009050846099853516
0.009278535842895508
0.045430898666381836
0.020609140396118164
0.04026436805725098
0.0332486629486084
0.03554201126098633
2.86102294921875e-06
0.058187246322631836
0.017318010330200195
0.00626373291015625
0.08682823181152344
0.017223119735717773
0.031806230545043945
0.0595853328704834
0.025954484939575195
0.01824498176574707
0.013948678970336914
0.037973642349243164
0.050100088119506836
0.04960823059082031
0.02159714698791504
0.0369875431060791
0.028033018112182617
0.042153358459472656
0.005446672439575195
0.02263498306274414
0.03401374816894531
0.01791691780090332
0.023157119750976562
1.6689300537109375e-06
0.005689144134521484
0.06765866279602051
0.009434938430786133
0.027709245681762695
0.047952890396118164
0.02756643295288086
0.03561282157897949
0.0446012020111084
0.044442176818847656
0.04950213432312012
0.04901409149169922
0.03986406326293945
0.045250892639160156
0.00864720344543457
0.01850748062133789
0.0054187774658203125
0.006617069244384766
0.03838849067687988
0.010451555252075195
0.029653072357177734
0.017870187759399414
0.019215106964111328
0.005497932434082031
0.030695199966430664
7.152557373046875e-07
0.038175344467163086
0.04868793487548828
0.04683566093444824
0.040590763092041016
0.02738165855407715
0.04856109619140625
0.014610767364501953
0.023311376571655273
0.026635408401489258
0.007596254348754883
0.039292097091674805
0.009450197219848633
0.010422229766845703
0.021184921264648438
0.05110454559326172
0.04253435134887695
2.1457672119140625e-06
0.03641557693481445
0.0260007381439209
0.01326608657836914
0.07169055938720703
0.03494095802307129
0.012985706329345703
0.03410053253173828
0.04009604454040527
0.027759313583374023
0.04808354377746582
0.030198097229003906
0.041374921798706055
0.01576972007751465
0.005052089691162109
0.018065214157104492
0.04423999786376953
0.041290283203125
0.022526979446411133
3.0994415283203125e-06
0.06873679161071777
0.009645700454711914
0.03174853324890137
0.007518768310546875
0.06819939613342285
0.047109127044677734
0.006105661392211914
0.00455164909362793
0.04206490516662598
0.016956567764282227
0.04288172721862793
0.045995235443115234
0.049479007720947266
0.05123543739318848
0.01919841766357422
0.02677011489868164
0.014240026473999023
0.021540164947509766
4.76837158203125e-07
0.01032567024230957
0.0220184326171875
0.061997413635253906
0.02978372573852539
0.006285429000854492
0.05337405204772949
0.03926229476928711
0.0053577423095703125
0.026604652404785156
0.006687641143798828
0.016095399856567383
0.04227495193481445
0.041263580322265625
0.007149934768676758
0.0354464054107666
0.03294658660888672
0.0260469913482666
0.04833078384399414
1.9073486328125e-06
0.015595436096191406
0.04556918144226074
0.03447246551513672
0.04121041297912598
0.029129981994628906
0.047968149185180664
0.006322383880615234
0.02035355567932129
0.0062716007232666016
0.01627349853515625
0.04472064971923828
0.027095556259155273
0.04304003715515137
0.03919577598571777
0.007605314254760742
0.027137041091918945
0.047089576721191406
0.05428004264831543
0.01869678497314453
0.05332016944885254
0.0050296783447265625
0.014944791793823242
0.057227373123168945
1.1920928955078125e-06
0.050321340560913086
0.0325624942779541
0.005150794982910156
0.008594989776611328
0.016144514083862305
0.006251096725463867
0.038776397705078125
0.03437376022338867
0.02663564682006836
0.030286788940429688
0.04821324348449707
0.011821269989013672
0.04033350944519043
0.03583264350891113
0.017230510711669922
0.020354032516479492
2.1457672119140625e-06
0.06966257095336914
0.03514981269836426
0.0596616268157959
0.020772457122802734
0.004709959030151367
0.05269455909729004
0.046730756759643555
0.013699054718017578
0.0070722103118896484
0.024441957473754883
0.04066133499145508
0.01147007942199707
0.02948760986328125
0.039175987243652344
0.005527019500732422
0.03847622871398926
0.042577266693115234
0.02472376823425293
0.02319169044494629
0.05240178108215332
0.01549673080444336
0.03469514846801758
2.86102294921875e-06
0.006382942199707031
0.03832364082336426
0.019085168838500977
0.0039479732513427734
0.0410466194152832
0.04995465278625488
0.00857234001159668
0.024656295776367188
0.012381792068481445
0.038433074951171875
0.0345158576965332
0.02280139923095703
0.0488433837890625
0.009072542190551758
0.03737187385559082
0.0059413909912109375
0.004703044891357422
0.007153987884521484
0.03437399864196777
0.053879499435424805
0.02177572250366211
0.06786084175109863
0.05503678321838379
0.029140472412109375
0.0355069637298584
0.027784109115600586
0.046312808990478516
0.027753353118896484
0.016216516494750977
0.021796703338623047
4.76837158203125e-07
0.033592939376831055
0.04011178016662598
0.008597850799560547
0.13195228576660156
0.06447339057922363
0.010019540786743164
0.09849357604980469
0.11596536636352539
0.016485214233398438
1.1920928955078125e-06
0.045978546142578125
0.013619184494018555
0.04387378692626953
0.015161752700805664
0.027555227279663086
0.00886082649230957
0.03105020523071289
0.022129058837890625
0.021617650985717773
0.05828118324279785
0.03493070602416992
0.004956722259521484
0.0064105987548828125
0.04523420333862305
0.0448148250579834
0.03325176239013672
0.07166385650634766
0.03193306922912598
0.039463043212890625
0.030138015747070312
0.01738142967224121
0.014599323272705078
0.006844758987426758
0.01612091064453125
0.04103350639343262
0.01375269889831543
0.04318714141845703
0.010854482650756836
0.05160212516784668
7.152557373046875e-07
0.03630423545837402
0.026966571807861328
0.06011366844177246
0.034623146057128906
0.01008749008178711
0.005352973937988281
0.026844024658203125
0.014351606369018555
9.5367431640625e-07
0.09294247627258301
0.0433812141418457
0.0249636173248291
0.02881455421447754
0.021585941314697266
0.011288166046142578
0.01755666732788086
0.04017043113708496
0.04611945152282715
0.018602848052978516
0.01287698745727539
0.02613377571105957
0.037870168685913086
0.006988525390625
0.05412864685058594
0.02866816520690918
0.11122488975524902
0.029649972915649414
0.06307435035705566
0.004747152328491211
0.0356745719909668
0.007245063781738281
0.04999804496765137
0.049820899963378906
0.014160633087158203
0.027942895889282227
0.05416679382324219
0.020524978637695312
0.00911259651184082
9.5367431640625e-07
0.010675191879272461
0.02769303321838379
0.03351283073425293
0.053495168685913086
0.03908658027648926
0.010503292083740234
0.016787052154541016
0.005881071090698242
0.017933130264282227
0.045133352279663086
1.6689300537109375e-06
0.012724876403808594
0.07370924949645996
0.006031036376953125
0.06979012489318848
0.04015779495239258
0.015564918518066406
0.004102230072021484
0.021252870559692383
0.025885343551635742
0.0415196418762207
0.023990392684936523
0.0424959659576416
0.03614974021911621
0.046611785888671875
0.07354736328125
0.07953214645385742
0.03171896934509277
0.01600813865661621
0.08138012886047363
7.152557373046875e-07
0.04631304740905762
0.050095319747924805
0.05442070960998535
0.015139341354370117
0.004064083099365234
0.011059761047363281
0.04277491569519043
0.012215137481689453
0.037221670150756836
0.041390180587768555
0.012883663177490234
0.005098104476928711
0.03180217742919922
0.011390924453735352
0.1496725082397461
0.016962528228759766
1.430511474609375e-06
0.05945277214050293
0.08886122703552246
0.014435291290283203
0.04058265686035156
0.007899999618530273
0.02123403549194336
0.0547025203704834
0.04299163818359375
0.012550115585327148
0.00764012336730957
0.03110194206237793
0.06266307830810547
0.05502915382385254
0.007331132888793945
0.034281253814697266
0.03367757797241211
0.022432565689086914
0.03386998176574707
0.014933586120605469
1.1920928955078125e-06
0.05055713653564453
0.04265999794006348
0.033701419830322266
0.06204962730407715
0.006484031677246094
0.006256580352783203
0.004266262054443359
0.04242873191833496
0.014136552810668945
0.05704832077026367
0.047009944915771484
0.03528308868408203
0.03621983528137207
0.025923967361450195
0.022168636322021484
0.055496931076049805
0.019162416458129883
0.06544017791748047
7.152557373046875e-07
0.0179443359375
0.06052589416503906
0.0741569995880127
0.06139492988586426
0.013727188110351562
0.028824567794799805
0.04924654960632324
0.04410910606384277
0.0062139034271240234
0.019540071487426758
0.05580568313598633
0.006255626678466797
0.006188392639160156
0.027635574340820312
0.006364107131958008
0.02873063087463379
0.03525686264038086
0.02768850326538086
0.021323204040527344
0.04334068298339844
0.05438709259033203
0.05357789993286133
0.03221940994262695
1.1920928955078125e-06
0.06000208854675293
0.005773782730102539
0.014883995056152344
0.007702350616455078
0.03900766372680664
0.004502058029174805
0.006479978561401367
0.023666858673095703
0.04434561729431152
0.03952813148498535
0.022068262100219727
0.04445219039916992
0.0550844669342041
1.430511474609375e-06
0.030402421951293945
0.016125202178955078
0.011587142944335938
0.04718279838562012
0.0069615840911865234
0.10109305381774902
0.02941131591796875
0.04107522964477539
0.012907981872558594
0.005336284637451172
0.04043698310852051
0.027469873428344727
0.01970195770263672
0.04448390007019043
0.018794775009155273
0.059331417083740234
0.03368496894836426
0.030725479125976562
0.039254188537597656
1.430511474609375e-06
0.03324151039123535
0.06393623352050781
0.015444517135620117
0.015451908111572266
0.0491480827331543
0.029998302459716797
0.029259920120239258
0.0076029300689697266
0.04883408546447754
0.003932952880859375
0.0056493282318115234
0.027757644653320312
0.01388859748840332
0.03171420097351074
0.04362154006958008
0.041304588317871094
0.051253318786621094
0.04228520393371582
0.028658390045166016
0.03365659713745117
0.06253790855407715
0.023164033889770508
0.01793074607849121
0.06040668487548828
0.030155420303344727
0.06715035438537598
9.5367431640625e-07
0.026256561279296875
0.03712964057922363
0.00693202018737793
0.005732297897338867
0.017092466354370117
0.024110078811645508
0.04568314552307129
0.00565028190612793
0.0222930908203125
0.04166150093078613
0.04053664207458496
0.020767688751220703
0.13675498962402344
0.004800558090209961
0.029114723205566406
0.031339168548583984
0.04175543785095215
0.007167339324951172
0.005589485168457031
0.05386829376220703
0.03676033020019531
1.430511474609375e-06
0.006311178207397461
0.0388641357421875
0.0239870548248291
0.014983892440795898
0.01462244987487793
0.03420829772949219
0.048265695571899414
0.04993939399719238
0.041596412658691406
0.05151534080505371
0.009513616561889648
0.02239513397216797
0.039906978607177734
0.006069183349609375
0.0059452056884765625
0.07472920417785645
0.006071329116821289
0.030712127685546875
0.02711033821105957
0.04243135452270508
0.011731147766113281
0.038259267807006836
0.016231060028076172
7.152557373046875e-07
0.027362346649169922
0.04062080383300781
0.01193380355834961
0.023486614227294922
0.043805599212646484
0.006224393844604492
0.04938387870788574
0.016913175582885742
1.1920928955078125e-06
0.06741714477539062
0.04804372787475586
0.07123565673828125
0.024297237396240234
0.026716947555541992
0.01520681381225586
0.04035234451293945
0.04531288146972656
0.006824970245361328
0.016071796417236328
0.04401898384094238
0.004052162170410156
0.013849496841430664
0.02169489860534668
0.005189657211303711
0.039029598236083984
0.016303539276123047
0.03419852256774902
3.5762786865234375e-06
0.10938477516174316
0.08245468139648438
0.0799248218536377
0.006227254867553711
0.03314685821533203
0.007982492446899414
0.0057675838470458984
0.0038309097290039062
0.03324317932128906
0.03993034362792969
0.035489797592163086
0.014574050903320312
0.01463627815246582
0.015584230422973633
0.034802913665771484
0.04754519462585449
0.04990553855895996
0.06340551376342773
0.01255178451538086
0.05540752410888672
0.06654667854309082
9.5367431640625e-07
0.05814075469970703
0.03215217590332031
0.03261423110961914
0.05147814750671387
0.008304119110107422
0.04589653015136719
0.035852670669555664
0.011333465576171875
0.046817779541015625
0.018822669982910156
0.05234050750732422
0.027822017669677734
0.0063991546630859375
0.011442184448242188
0.03345751762390137
0.06799101829528809
0.005820751190185547
0.13646984100341797
0.0317082405090332
0.01577925682067871
0.006657838821411133
7.152557373046875e-07
0.036414146423339844
0.012634038925170898
0.02581024169921875
0.04817485809326172
0.005705833435058594
0.013607025146484375
0.03419756889343262
0.03417849540710449
0.03204011917114258
0.053340911865234375
0.03302812576293945
0.04325437545776367
0.021470069885253906
0.20067524909973145
0.01183009147644043
0.04276227951049805
9.5367431640625e-07
0.05029296875
0.046910762786865234
0.01409912109375
0.08672499656677246
0.025159120559692383
0.029838085174560547
0.04010462760925293
0.014910459518432617
0.010779857635498047
0.022310256958007812
0.0052738189697265625
0.052556514739990234
0.049181222915649414
0.014869213104248047
0.0069124698638916016
0.04440164566040039
0.034789085388183594
0.10097837448120117
0.05629920959472656
7.152557373046875e-07
0.0072743892669677734
0.013643264770507812
0.06495904922485352
0.006134748458862305
0.0049304962158203125
0.008663177490234375
0.0428776741027832
0.06337833404541016
0.05834770202636719
0.03501272201538086
0.01916027069091797
0.03838849067687988
0.02546381950378418
0.032448768615722656
0.02654743194580078
0.038697242736816406
0.006016731262207031
0.00972604751586914
0.020846128463745117
0.06058812141418457
0.036489009857177734
0.05892539024353027
0.03602170944213867
0.05556774139404297
0.012716531753540039
0.006411552429199219
0.016432762145996094
0.034735679626464844
0.015912532806396484
0.027089357376098633
0.025815963745117188
0.011358022689819336
7.152557373046875e-07
0.027106285095214844
0.03776669502258301
0.0398409366607666
0.027558565139770508
0.11340165138244629
0.11404037475585938
0.016915321350097656
9.5367431640625e-07
0.02043747901916504
0.03884696960449219
0.010272502899169922
0.05875515937805176
0.04049396514892578
0.029493331909179688
0.012810707092285156
0.004250526428222656
0.029468059539794922
0.036394596099853516
0.01996612548828125
0.04900789260864258
0.03991532325744629
0.013232707977294922
0.005017280578613281
9.5367431640625e-07
0.012876510620117188
0.01892995834350586
0.09690117835998535
0.05254340171813965
0.024422407150268555
0.0388484001159668
0.017521381378173828
0.026684999465942383
0.046494245529174805
0.013647079467773438
0.03652596473693848
0.01022481918334961
0.04792475700378418
0.04350423812866211
0.008037090301513672
0.005669832229614258
0.03204345703125
0.03740572929382324
0.027333498001098633
0.03992271423339844
0.11012768745422363
9.5367431640625e-07
0.004937171936035156
0.02959465980529785
0.0508420467376709
0.032506465911865234
0.03681063652038574
0.055977582931518555
0.05501198768615723
0.0145111083984375
0.02870488166809082
0.03458428382873535
0.025408506393432617
0.010095357894897461
0.006161928176879883
0.03966116905212402
0.01210165023803711
0.005679607391357422
0.038802146911621094
5.4836273193359375e-06
0.07489728927612305
0.018984079360961914
0.03878951072692871
0.028197765350341797
0.005951642990112305
0.011233091354370117
0.01714801788330078
0.03808236122131348
0.006774425506591797
0.05522274971008301
0.004799604415893555
0.004047870635986328
0.0411834716796875
0.037317752838134766
0.042856454849243164
0.03048563003540039
0.037908315658569336
0.04645490646362305
0.023125886917114258
0.041437625885009766
0.12640023231506348
0.019341468811035156
0.027883291244506836
1.9073486328125e-06
0.051103830337524414
0.05864691734313965
0.022202014923095703
0.008807182312011719
0.010304689407348633
0.06022524833679199
0.033349037170410156
0.022541522979736328
0.040464162826538086
0.007394552230834961
0.048380374908447266
0.02759099006652832
0.035849571228027344
0.05291604995727539
0.008217334747314453
1.430511474609375e-06
0.04698610305786133
0.018562793731689453
0.023668766021728516
0.030031681060791016
0.04330301284790039
0.029331445693969727
0.05599236488342285
0.042998552322387695
0.04370450973510742
0.054680585861206055
0.017995357513427734
0.011745452880859375
0.005685091018676758
0.023894071578979492
0.0037605762481689453
0.05996346473693848
0.03938865661621094
0.009729146957397461
0.045365333557128906
0.049192190170288086
0.015607833862304688
9.5367431640625e-07
0.07891511917114258
0.0341944694519043
0.060125112533569336
0.0560610294342041
0.014861583709716797
0.010616540908813477
0.06174325942993164
0.021800756454467773
0.04360008239746094
0.006571292877197266
0.026935577392578125
0.025664567947387695
0.0418848991394043
0.006832122802734375
0.034681081771850586
0.035897016525268555
0.006381034851074219
