0.0702371597290039
0.0454869270324707
7.152557373046875e-07
0.03913450241088867
0.039966583251953125
0.026409626007080078
0.02188396453857422
0.020066022872924805
0.0049474239349365234
0.010212182998657227
0.02372908592224121
0.01340484619140625
0.0033288002014160156
0.03282284736633301
0.003300189971923828
0.036047935485839844
0.011527776718139648
0.03280305862426758
0.004988193511962891
0.013143777847290039
0.015959501266479492
0.09132003784179688
0.05920839309692383
0.005845069885253906
0.026461362838745117
0.005690097808837891
0.02750873565673828
0.04456448554992676
0.04075050354003906
0.020348310470581055
0.009870529174804688
0.02467179298400879
0.0376591682434082
0.03445625305175781
0.013716459274291992
7.152557373046875e-07
0.0034825801849365234
0.013729333877563477
0.003467559814453125
0.037966251373291016
0.04630541801452637
0.08533930778503418
0.04224133491516113
0.07032370567321777
0.04851531982421875
0.02861642837524414
0.012486457824707031
0.04369211196899414
0.0039708614349365234
0.0062792301177978516
0.03696441650390625
0.026610136032104492
0.004237651824951172
4.76837158203125e-07
0.02175450325012207
0.013079166412353516
0.012148380279541016
0.0049457550048828125
0.023714780807495117
0.03944516181945801
0.05834770202636719
0.006001949310302734
0.037949323654174805
0.032946109771728516
0.01959514617919922
0.07078671455383301
0.04098033905029297
0.03818225860595703
0.041840314865112305
0.023706912994384766
0.04484081268310547
0.005378246307373047
0.013744831085205078
0.0033235549926757812
0.005427837371826172
0.038045644760131836
0.009756326675415039
2.384185791015625e-07
0.019466876983642578
0.025945186614990234
0.03646135330200195
0.0182650089263916
0.07281494140625
0.04062342643737793
9.5367431640625e-07
0.056951284408569336
0.049448251724243164
0.010238409042358398
0.02139139175415039
0.00513911247253418
0.003492593765258789
0.02218341827392578
0.024711132049560547
0.03370547294616699
0.04225659370422363
0.03721046447753906
0.01298832893371582
0.004894256591796875
0.0033049583435058594
0.011263370513916016
0.02885890007019043
0.07851028442382812
0.08275008201599121
7.152557373046875e-07
0.03527355194091797
0.018045902252197266
0.028568267822265625
0.04547429084777832
0.01455068588256836
0.03438210487365723
0.0051000118255615234
0.010165214538574219
0.03689122200012207
0.04564714431762695
0.02811908721923828
0.0035741329193115234
0.02453160285949707
0.038468360900878906
0.02629709243774414
0.0035839080810546875
0.00900125503540039
0.009104013442993164
0.07125544548034668
0.07341217994689941
0.0047910213470458984
0.04832959175109863
4.76837158203125e-07
0.025893688201904297
0.014704465866088867
0.010955810546875
0.030186176300048828
0.01283717155456543
0.04357409477233887
0.003385305404663086
0.02303481101989746
0.02447819709777832
0.03711819648742676
0.012986898422241211
0.04413914680480957
0.03215527534484863
0.07850265502929688
1.1920928955078125e-06
0.04233527183532715
0.014783620834350586
0.0574803352355957
0.006341695785522461
0.020546913146972656
0.01443934440612793
0.050221920013427734
0.004856586456298828
0.0064127445220947266
0.024832963943481445
0.014461040496826172
0.03842663764953613
0.02545619010925293
0.004923820495605469
0.01921820640563965
0.025476455688476562
0.03677177429199219
0.03198719024658203
0.014143705368041992
0.07119226455688477
0.05498099327087402
0.022294282913208008
0.004383563995361328
0.052520751953125
1.430511474609375e-06
0.005303382873535156
0.02612447738647461
0.0057871341705322266
0.005141735076904297
0.030666351318359375
0.047209978103637695
0.012428760528564453
0.013839960098266602
0.034243106842041016
0.019398927688598633
0.038625478744506836
0.023955821990966797
0.03859758377075195
0.01766490936279297
0.07152819633483887
0.02565479278564453
0.04045462608337402
0.04595208168029785
0.005093812942504883
0.015344858169555664
0.01734018325805664
0.012418031692504883
0.02645587921142578
0.015823841094970703
0.04790759086608887
0.0056781768798828125
0.005427122116088867
0.03489995002746582
9.5367431640625e-07
0.03963327407836914
0.026041269302368164
0.02249884605407715
0.04006505012512207
0.0833902359008789
0.007150411605834961
0.045444488525390625
0.046068429946899414
0.023237228393554688
0.04246640205383301
0.05438542366027832
0.06100964546203613
0.011129140853881836
0.015106678009033203
0.006833553314208984
0.006268739700317383
0.022910118103027344
0.025702238082885742
0.004646778106689453
0.012166261672973633
0.034742116928100586
0.027785301208496094
0.039992570877075195
7.152557373046875e-07
0.0688164234161377
0.08501434326171875
0.005166769027709961
0.08825254440307617
0.0556490421295166
0.008347034454345703
0.017483234405517578
0.015674114227294922
0.040354251861572266
0.03689122200012207
0.040853023529052734
0.03401350975036621
0.025879859924316406
0.005111217498779297
0.021939754486083984
0.013143539428710938
0.005041599273681641
0.010049819946289062
0.026467323303222656
9.5367431640625e-07
0.07874870300292969
0.01993536949157715
0.009330034255981445
0.07838273048400879
1.430511474609375e-06
0.045803070068359375
0.03905177116394043
0.02541327476501465
0.004187822341918945
0.006191730499267578
0.004472255706787109
0.023947954177856445
0.01407933235168457
0.02558302879333496
0.011650800704956055
0.033177852630615234
0.03804349899291992
0.03316831588745117
0.009983539581298828
0.019786357879638672
0.03675103187561035
0.03853964805603027
0.051483869552612305
0.013628721237182617
0.05289483070373535
0.02888631820678711
0.006371498107910156
0.005625009536743164
7.152557373046875e-07
0.02237415313720703
0.014674663543701172
0.03638434410095215
0.006395101547241211
0.04056739807128906
0.040499210357666016
0.0457150936126709
0.0035676956176757812
0.04036402702331543
0.012338876724243164
0.026371002197265625
0.07864737510681152
0.06094861030578613
0.006412506103515625
0.031240463256835938
0.05664825439453125
0.050286293029785156
7.152557373046875e-07
0.0077321529388427734
0.017850875854492188
0.005475282669067383
0.020951032638549805
0.03986477851867676
0.011237621307373047
0.03661084175109863
0.00504755973815918
0.013323545455932617
0.03800678253173828
0.02158379554748535
0.02287435531616211
0.026506900787353516
0.07714056968688965
0.021799564361572266
0.00443267822265625
0.08960962295532227
0.047334909439086914
0.06143021583557129
0.03903675079345703
0.012471914291381836
7.152557373046875e-07
0.014735221862792969
0.04068589210510254
0.03309369087219238
0.0033631324768066406
0.01988506317138672
0.00503849983215332
0.023255348205566406
0.005030155181884766
0.02144002914428711
0.02515578269958496
0.014181137084960938
0.007766008377075195
0.03390955924987793
0.020962238311767578
0.02329111099243164
0.0703728199005127
1.9073486328125e-06
0.05190157890319824
0.04025387763977051
0.050678253173828125
0.004023075103759766
0.02354288101196289
0.028040647506713867
0.013103961944580078
0.013048887252807617
0.03254103660583496
0.0032961368560791016
0.004909992218017578
0.019477367401123047
0.03228116035461426
0.03725266456604004
0.018880605697631836
0.09798789024353027
0.0043447017669677734
0.006037712097167969
0.015235185623168945
1.6689300537109375e-06
0.06168961524963379
0.020724773406982422
0.040129899978637695
0.014440298080444336
0.026953935623168945
0.02565932273864746
0.04082608222961426
0.02091050148010254
0.02405071258544922
0.013334512710571289
0.00507044792175293
0.03302741050720215
0.03790712356567383
0.02671217918395996
0.016457557678222656
0.06179451942443848
0.031546831130981445
0.03239274024963379
0.009263992309570312
0.006013393402099609
0.011403083801269531
0.019097328186035156
0.017871379852294922
0.03971457481384277
0.032016754150390625
4.76837158203125e-07
0.02250194549560547
0.03819441795349121
0.01317739486694336
0.0391845703125
0.0039103031158447266
0.02376079559326172
0.0328679084777832
0.037925004959106445
0.02972579002380371
0.0864863395690918
0.009822368621826172
0.0586087703704834
0.06608939170837402
0.04189419746398926
0.04563117027282715
0.03862595558166504
0.010669231414794922
0.014611482620239258
0.004102230072021484
4.76837158203125e-07
0.00560307502746582
0.012433767318725586
0.003598451614379883
0.03374218940734863
0.025051593780517578
0.021809101104736328
0.01336050033569336
0.019989013671875
0.027082204818725586
0.00670623779296875
0.014609336853027344
0.00623011589050293
0.007030487060546875
0.06181216239929199
0.05003952980041504
0.04920315742492676
0.012605667114257812
0.024591684341430664
0.026293516159057617
0.040302276611328125
0.027999401092529297
0.014079093933105469
4.76837158203125e-07
0.021050691604614258
0.03530144691467285
0.0053157806396484375
0.0401606559753418
0.02463674545288086
5.0067901611328125e-06
0.1461033821105957
0.007756948471069336
0.01558828353881836
0.05572819709777832
0.015225648880004883
0.014114856719970703
0.01563239097595215
0.047476768493652344
0.02325916290283203
0.003979206085205078
0.020952463150024414
0.03456997871398926
0.0051043033599853516
0.03783607482910156
0.032705068588256836
0.02580738067626953
0.0033652782440185547
0.024714946746826172
0.022617578506469727
0.023607492446899414
0.0681142807006836
0.03061962127685547
0.013933420181274414
1.430511474609375e-06
0.06346726417541504
0.03447604179382324
0.025688648223876953
0.004944801330566406
0.0520482063293457
0.01308131217956543
0.027881145477294922
0.006500720977783203
0.04126262664794922
0.027536630630493164
0.023371458053588867
0.0033943653106689453
0.03320884704589844
0.03320741653442383
0.01999688148498535
0.0047299861907958984
0.015887975692749023
6.198883056640625e-06
0.06725168228149414
0.00634312629699707
0.032172441482543945
0.02872443199157715
0.02626180648803711
0.012849569320678711
0.039147138595581055
0.027158737182617188
0.040613651275634766
0.04196476936340332
0.0054912567138671875
0.04717659950256348
0.028394222259521484
0.02358102798461914
0.03682732582092285
0.014509916305541992
0.0039348602294921875
0.049189090728759766
0.043233633041381836
0.006823301315307617
0.005551338195800781
0.09563612937927246
0.052948713302612305
0.005670309066772461
7.152557373046875e-07
0.035135746002197266
0.04592442512512207
0.014627456665039062
0.0396420955657959
0.003434419631958008
0.010782957077026367
0.03534412384033203
0.02109074592590332
0.012787818908691406
0.01147317886352539
0.024090051651000977
0.032041072845458984
0.006391286849975586
0.10573005676269531
0.014599323272705078
0.06941103935241699
0.02925872802734375
0.040302276611328125
0.02619147300720215
0.010967493057250977
0.00546717643737793
0.03377699851989746
0.01952815055847168
0.0033152103424072266
0.02274036407470703
0.02603912353515625
0.035567522048950195
0.0049173831939697266
0.013071537017822266
0.013008594512939453
0.0372767448425293
2.384185791015625e-07
0.037389516830444336
0.009581804275512695
0.0055084228515625
0.07758426666259766
0.04149198532104492
0.05920672416687012
0.04197359085083008
0.014516353607177734
0.003968238830566406
0.03590106964111328
0.04393935203552246
0.02160048484802246
0.005014657974243164
0.019978046417236328
0.03289985656738281
0.013413667678833008
0.011661291122436523
4.76837158203125e-07
0.036449432373046875
0.010020732879638672
0.04606175422668457
0.014114618301391602
7.3909759521484375e-06
0.006308078765869141
0.023947954177856445
0.036362409591674805
0.05009865760803223
0.004197597503662109
0.013109683990478516
0.03594255447387695
0.028022050857543945
0.04806208610534668
0.038331031799316406
0.036148786544799805
0.023531198501586914
0.03260350227355957
0.022150516510009766
0.013901472091674805
0.005246639251708984
0.005285501480102539
0.06286501884460449
0.022186994552612305
0.05615854263305664
0.024810075759887695
9.5367431640625e-07
0.008899450302124023
0.04962611198425293
0.026343107223510742
0.0037822723388671875
0.029258012771606445
0.024981260299682617
0.012017011642456055
0.03750324249267578
0.0037741661071777344
0.0385899543762207
0.04125404357910156
0.018963098526000977
0.036499738693237305
0.011261701583862305
0.0048677921295166016
0.09068727493286133
0.006335258483886719
0.029556751251220703
0.027268409729003906
0.04762673377990723
0.06227898597717285
0.013543844223022461
0.006318092346191406
0.03449821472167969
0.02659916877746582
0.03939056396484375
0.013767480850219727
0.039362192153930664
0.003367900848388672
0.021519184112548828
0.0033926963806152344
0.03772282600402832
4.76837158203125e-07
0.009943962097167969
0.03313112258911133
0.037445068359375
0.0421597957611084
0.056970834732055664
0.0076787471771240234
0.06046152114868164
0.012523174285888672
0.03277230262756348
0.04456186294555664
0.03865361213684082
0.03631949424743652
0.027895212173461914
0.01455545425415039
0.013733386993408203
0.003964424133300781
0.0043523311614990234
0.03399157524108887
4.76837158203125e-07
0.005544185638427734
0.03853940963745117
0.019969940185546875
5.0067901611328125e-06
0.04959702491760254
0.05164074897766113
0.06415271759033203
0.052361249923706055
0.016628265380859375
0.025133609771728516
0.004563570022583008
0.014768362045288086
0.004479885101318359
0.034615516662597656
0.01261758804321289
0.020823240280151367
0.03733325004577637
0.005032539367675781
0.021584749221801758
0.03798794746398926
0.009998321533203125
0.02641439437866211
0.005063772201538086
0.04609322547912598
0.10022854804992676
0.022372961044311523
0.05071306228637695
0.013695955276489258
0.028925418853759766
0.0042667388916015625
0.005994319915771484
0.01349949836730957
0.03646087646484375
0.02266979217529297
4.76837158203125e-07
0.014298200607299805
0.004012107849121094
0.044873714447021484
0.0249483585357666
0.023425579071044922
0.019837141036987305
0.004998445510864258
0.038062095642089844
0.026085376739501953
0.03363752365112305
0.06956100463867188
0.08227825164794922
0.013062000274658203
0.06755900382995605
0.005200862884521484
0.014993667602539062
0.004422187805175781
0.03972649574279785
4.76837158203125e-07
0.02858424186706543
0.03516054153442383
0.0451967716217041
0.03690004348754883
0.011147499084472656
0.0205385684967041
0.004828453063964844
0.031995534896850586
0.00963282585144043
0.02649521827697754
0.06917858123779297
0.005146503448486328
4.291534423828125e-06
0.0592494010925293
0.06908035278320312
0.056191205978393555
0.04757046699523926
0.015195369720458984
0.006884574890136719
0.03597259521484375
0.01327371597290039
0.0044748783111572266
0.026557445526123047
0.034820556640625
0.015358686447143555
0.03999519348144531
0.010115861892700195
0.02674269676208496
0.005064249038696289
0.05812788009643555
0.047791242599487305
0.05256819725036621
0.06057476997375488
7.152557373046875e-07
0.018052101135253906
0.0285189151763916
0.032764434814453125
0.04216337203979492
0.004657745361328125
0.024817705154418945
0.04974651336669922
0.006283998489379883
0.004569053649902344
0.015174150466918945
0.015546798706054688
0.005567312240600586
0.010790824890136719
0.02142477035522461
0.028948545455932617
0.04591107368469238
2.384185791015625e-06
0.008325815200805664
0.040526628494262695
0.03353142738342285
0.06035208702087402
0.014965295791625977
0.011816740036010742
0.012529373168945312
0.03746223449707031
0.026079654693603516
0.005405902862548828
0.03776979446411133
0.003824949264526367
0.027739286422729492
0.013993978500366211
0.003387451171875
0.03983497619628906
0.0229949951171875
0.04566597938537598
0.03780627250671387
1.430511474609375e-06
0.09159970283508301
0.08425354957580566
0.09767985343933105
0.014396190643310547
0.021341562271118164
0.014127731323242188
0.006115436553955078
0.021861791610717773
0.04042506217956543
0.03264021873474121
0.03165912628173828
0.020936012268066406
0.003231525421142578
0.0412750244140625
0.0032160282135009766
0.03651905059814453
0.004773378372192383
0.023679018020629883
0.01619553565979004
0.0561215877532959
0.027704238891601562
0.03347015380859375
0.02367711067199707
0.09122133255004883
0.05660820007324219
0.029033422470092773
0.03438448905944824
0.005491495132446289
0.00547027587890625
0.0037069320678710938
0.03887486457824707
4.76837158203125e-07
0.025862932205200195
0.021799802780151367
0.01334381103515625
0.04408740997314453
0.011621952056884766
0.0033757686614990234
0.005692005157470703
0.09882259368896484
0.07250785827636719
0.04140281677246094
0.0042307376861572266
0.03639078140258789
0.06601166725158691
0.01843428611755371
0.03015279769897461
0.039785146713256836
0.03625655174255371
0.021376371383666992
0.01966238021850586
0.009919404983520508
0.004976511001586914
0.013183832168579102
0.004965066909790039
0.023099422454833984
0.011458873748779297
9.5367431640625e-07
0.03605079650878906
0.04964470863342285
0.07406306266784668
0.008398771286010742
0.009089231491088867
0.0052831172943115234
0.01930093765258789
0.005357503890991211
0.0312504768371582
0.04892683029174805
0.027360916137695312
0.028453826904296875
0.039391279220581055
0.03597831726074219
0.009877443313598633
0.03286433219909668
0.021178722381591797
0.03262186050415039
0.013067483901977539
4.76837158203125e-07
0.0065991878509521484
0.011321306228637695
0.08260440826416016
0.04766345024108887
0.021881580352783203
0.02927565574645996
0.0439295768737793
0.012236833572387695
0.013972043991088867
0.03795909881591797
0.010324954986572266
0.005190372467041016
4.76837158203125e-07
0.03948092460632324
0.03426980972290039
0.0035123825073242188
0.02591419219970703
0.013860225677490234
0.034456491470336914
0.024292707443237305
0.07277417182922363
0.023629188537597656
0.029515981674194336
0.028631925582885742
0.09645867347717285
0.05219841003417969
0.039212703704833984
0.025860309600830078
0.036759138107299805
0.010307550430297852
0.037502288818359375
4.76837158203125e-07
0.026999950408935547
0.0035400390625
0.022673845291137695
0.005295276641845703
0.0035321712493896484
0.02106451988220215
0.005299091339111328
0.028028011322021484
0.020813941955566406
0.008544683456420898
0.0635073184967041
0.017173051834106445
0.02834606170654297
0.0530848503112793
0.014924287796020508
3.5762786865234375e-06
0.02939128875732422
0.04889798164367676
0.014776945114135742
0.02807927131652832
0.040223121643066406
0.01185464859008789
0.003428220748901367
0.038391828536987305
0.02164006233215332
0.043065547943115234
0.003401041030883789
0.024700403213500977
0.009665966033935547
0.046729326248168945
0.025553226470947266
0.05901288986206055
0.03394341468811035
0.015221118927001953
0.04607200622558594
0.008066892623901367
0.03974628448486328
0.018845796585083008
0.011561870574951172
1.1920928955078125e-06
0.03843498229980469
0.04492378234863281
0.023587703704833984
0.0033359527587890625
0.033126115798950195
0.02427077293395996
0.045807838439941406
0.004084587097167969
0.040445566177368164
0.055831193923950195
0.0688016414642334
0.041735172271728516
0.05217599868774414
0.046799421310424805
1.1920928955078125e-06
0.036603450775146484
0.013868570327758789
0.023560047149658203
0.0040552616119384766
0.0376744270324707
0.013819694519042969
0.03714942932128906
0.014221668243408203
0.0409703254699707
0.005393266677856445
0.014326333999633789
0.003628969192504883
0.005400419235229492
0.007410526275634766
0.039096832275390625
0.07067632675170898
0.04098629951477051
0.1002798080444336
0.05320429801940918
0.04497194290161133
0.03533625602722168
0.008656024932861328
0.020119667053222656
0.02043747901916504
0.03556704521179199
0.003622770309448242
0.040091514587402344
0.03322958946228027
4.76837158203125e-07
0.010047435760498047
0.003396749496459961
0.02501702308654785
0.03825974464416504
0.06377959251403809
0.013411521911621094
0.018807649612426758
0.042894840240478516
0.009400129318237305
0.03142738342285156
0.04443860054016113
0.06046152114868164
0.006231546401977539
0.04528951644897461
0.045569419860839844
0.004674196243286133
0.017245054244995117
0.023127317428588867
0.02553701400756836
0.014763355255126953
0.027393341064453125
7.152557373046875e-07
0.03965306282043457
0.03319430351257324
0.030651330947875977
0.06738114356994629
0.05176806449890137
0.06118941307067871
0.04166817665100098
0.0051767826080322266
4.76837158203125e-07
0.03763914108276367
0.0058515071868896484
0.03600597381591797
0.0212399959564209
0.01395559310913086
0.012242794036865234
0.003527402877807617
0.045166015625
0.01051020622253418
0.039876699447631836
0.027803421020507812
0.005235910415649414
0.039811134338378906
0.007627725601196289
0.06515884399414062
0.02450847625732422
0.013351678848266602
0.037207603454589844
0.08010053634643555
9.5367431640625e-07
0.029209613800048828
0.0507044792175293
0.03655600547790527
0.003912687301635742
0.02787494659423828
0.03797602653503418
0.01377105712890625
0.013847827911376953
0.00516963005065918
0.021992206573486328
0.003440380096435547
0.025397062301635742
0.033695220947265625
0.030528783798217773
5.4836273193359375e-06
0.032067298889160156
0.055237770080566406
0.059102773666381836
0.0074024200439453125
0.04665231704711914
0.015226364135742188
0.015554428100585938
0.01152944564819336
0.0413055419921875
0.027159452438354492
0.03688931465148926
0.041663169860839844
0.025817394256591797
0.004819631576538086
0.0032472610473632812
0.003244638442993164
0.019202470779418945
0.03276872634887695
0.025546550750732422
0.03414416313171387
0.05965232849121094
0.043524742126464844
0.005176067352294922
0.05450797080993652
0.019818544387817383
0.03977513313293457
0.006106853485107422
0.009844541549682617
0.004725217819213867
0.015043973922729492
4.76837158203125e-07
0.012688398361206055
0.03834676742553711
0.042919158935546875
0.026391029357910156
0.03979969024658203
0.03426480293273926
0.010354280471801758
0.02378058433532715
0.016068458557128906
0.018065214157104492
0.009929895401000977
2.6226043701171875e-06
0.08729243278503418
0.04532766342163086
0.04228091239929199
0.023464202880859375
0.020917177200317383
0.02811408042907715
0.024646997451782227
0.010477781295776367
0.043997764587402344
0.03806495666503906
0.03272080421447754
0.004906892776489258
0.0033473968505859375
0.024149656295776367
0.011391878128051758
0.10162758827209473
0.008267879486083984
0.030997753143310547
0.03029942512512207
7.152557373046875e-07
0.07663989067077637
0.040563344955444336
0.034183502197265625
0.044052839279174805
0.012619495391845703
0.011719942092895508
0.039595842361450195
0.005371570587158203
0.02891993522644043
0.0036232471466064453
0.01436614990234375
0.014268159866333008
0.04648089408874512
0.02492499351501465
0.003621339797973633
0.01688861846923828
0.005553722381591797
0.00726628303527832
0.04420185089111328
0.056285858154296875
0.027715682983398438
0.017576217651367188
0.006624460220336914
0.06162691116333008
0.014251470565795898
0.02872014045715332
7.152557373046875e-07
0.03929424285888672
0.03737354278564453
0.025780916213989258
0.04120826721191406
0.02137470245361328
0.005401611328125
0.010716915130615234
0.0356442928314209
0.052118778228759766
0.032538414001464844
0.04408884048461914
0.016373157501220703
2.384185791015625e-06
0.007113456726074219
0.02094888687133789
0.020317792892456055
0.01191568374633789
0.004526853561401367
0.022781848907470703
0.04877138137817383
0.022977590560913086
0.036487579345703125
0.025910139083862305
0.013852596282958984
0.03924846649169922
0.003415822982788086
0.02704000473022461
0.039180755615234375
0.07262563705444336
0.05635833740234375
4.76837158203125e-07
0.04389142990112305
0.03650069236755371
0.016195058822631836
0.006833314895629883
0.004922389984130859
0.03846096992492676
0.013116836547851562
0.004320383071899414
0.04312491416931152
0.041576385498046875
0.005338430404663086
0.028005123138427734
0.03503584861755371
0.03823447227478027
0.013953447341918945
0.010542154312133789
0.0262453556060791
0.07132220268249512
1.6689300537109375e-06
0.010681390762329102
0.02933812141418457
0.043979644775390625
0.046598196029663086
0.07249784469604492
0.006048917770385742
0.015235662460327148
0.003949880599975586
0.014104843139648438
0.024981260299682617
0.007089853286743164
0.027989625930786133
0.04024934768676758
0.023735523223876953
0.03620004653930664
0.021090984344482422
0.04037070274353027
0.010582685470581055
0.026651859283447266
0.10863995552062988
0.03398275375366211
0.06310200691223145
0.04119229316711426
0.0377955436706543
0.016548633575439453
0.030500173568725586
0.004538297653198242
0.04182147979736328
0.023583173751831055
0.003992319107055664
0.0071964263916015625
0.008630990982055664
0.03828740119934082
0.042581796646118164
0.013144731521606445
0.026211977005004883
0.00987100601196289
7.152557373046875e-07
0.02314281463623047
0.016130685806274414
0.004290580749511719
0.0515902042388916
9.5367431640625e-07
0.05296063423156738
0.03780245780944824
0.05896949768066406
0.005823373794555664
0.01669478416442871
0.02359628677368164
0.005330562591552734
0.03362011909484863
0.0033943653106689453
0.024864912033081055
0.010048389434814453
0.013359308242797852
0.033286333084106445
0.038294076919555664
0.023244142532348633
0.014798641204833984
0.006886720657348633
0.05741143226623535
0.035843849182128906
0.04870438575744629
0.05989503860473633
0.051288604736328125
0.04973554611206055
0.013521432876586914
0.024654626846313477
0.004515171051025391
0.015052318572998047
0.003803253173828125
0.014460563659667969
0.0054242610931396484
0.022655963897705078
4.76837158203125e-07
0.03413128852844238
0.02624964714050293
0.040128231048583984
0.017438173294067383
0.00806879997253418
0.03950214385986328
0.0471196174621582
0.004103422164916992
0.046062469482421875
0.01691603660583496
0.04860281944274902
0.027400970458984375
7.152557373046875e-07
0.021691560745239258
0.0055577754974365234
0.005677461624145508
0.012462377548217773
0.04060840606689453
0.021214723587036133
0.03576517105102539
0.02635359764099121
0.045805931091308594
0.014144659042358398
0.03339076042175293
0.018635272979736328
0.04190206527709961
0.08271527290344238
0.07355284690856934
0.03209519386291504
0.03846859931945801
0.026749849319458008
0.004297733306884766
0.02121710777282715
0.04108929634094238
0.013300180435180664
0.003331899642944336
0.005059242248535156
4.76837158203125e-07
0.01328897476196289
0.005004167556762695
0.036217451095581055
0.01162576675415039
0.03292274475097656
0.06345558166503906
0.041767120361328125
0.05776572227478027
0.013741493225097656
0.06696724891662598
0.019560813903808594
0.02811408042907715
0.03677797317504883
0.023889541625976562
0.041094064712524414
0.005624532699584961
0.03541374206542969
0.04031634330749512
0.028635025024414062
0.0038537979125976562
0.0037086009979248047
4.76837158203125e-07
0.0251312255859375
0.012933015823364258
0.01411128044128418
0.08573508262634277
0.009879589080810547
0.07620692253112793
0.035327911376953125
0.04605221748352051
0.05315995216369629
9.5367431640625e-07
0.04778742790222168
0.019228219985961914
0.020247220993041992
0.004594087600708008
0.03836560249328613
0.015345573425292969
0.03816533088684082
0.005365133285522461
0.0036094188690185547
0.025400161743164062
0.010670900344848633
0.04079937934875488
0.02460026741027832
0.06124258041381836
0.07171034812927246
0.006567955017089844
0.05573773384094238
0.0251617431640625
0.017170429229736328
0.009611845016479492
0.021816730499267578
0.01977396011352539
0.05070328712463379
0.033768653869628906
4.76837158203125e-07
0.02016448974609375
0.04466986656188965
0.038231611251831055
0.03321123123168945
0.005021333694458008
0.021596193313598633
0.0033872127532958984
0.023279190063476562
0.04275012016296387
0.12183403968811035
0.021403789520263672
0.09645271301269531
0.004543304443359375
0.018716812133789062
0.029334545135498047
9.5367431640625e-07
0.01405954360961914
0.006302356719970703
0.027431964874267578
0.04684019088745117
0.015501976013183594
0.022999286651611328
0.0052700042724609375
0.03872346878051758
0.003557920455932617
0.021028518676757812
0.04029560089111328
0.03513479232788086
0.04102015495300293
0.006844282150268555
0.1073296070098877
0.006352901458740234
0.015645980834960938
0.020262479782104492
0.041977643966674805
0.012253999710083008
0.0384678840637207
0.008317232131958008
0.04171109199523926
0.045101165771484375
0.0379338264465332
0.0032236576080322266
0.03165125846862793
0.012911081314086914
0.020987749099731445
0.02574753761291504
0.036187171936035156
4.76837158203125e-07
0.05108928680419922
0.009656190872192383
0.016536951065063477
0.05379080772399902
7.152557373046875e-07
0.040570974349975586
0.02598714828491211
0.02770686149597168
0.03903794288635254
0.023925065994262695
0.04629373550415039
0.0034246444702148438
0.03316044807434082
0.005047798156738281
0.009952068328857422
0.026506423950195312
0.0379788875579834
0.003355741500854492
0.013215065002441406
0.013235092163085938
0.01708364486694336
0.026778697967529297
0.0519564151763916
0.059812307357788086
0.032796621322631836
0.06126761436462402
0.025031089782714844
0.041202545166015625
0.01469278335571289
0.04165339469909668
0.03998827934265137
0.025066375732421875
0.0033719539642333984
0.0033686161041259766
0.005033016204833984
0.01163935661315918
4.76837158203125e-07
0.01002812385559082
0.03319954872131348
0.005037784576416016
0.06347393989562988
0.03541922569274902
0.008756160736083984
0.053633689880371094
0.05445098876953125
0.02024698257446289
1.1920928955078125e-06
0.0055544376373291016
0.017221689224243164
0.06772732734680176
0.005528926849365234
0.03613448143005371
0.0366208553314209
0.038437843322753906
0.026489734649658203
0.02174520492553711
0.013442039489746094
0.003360271453857422
0.024906158447265625
0.019997119903564453
0.03664088249206543
0.01705646514892578
0.00565791130065918
0.07885169982910156
0.0790262222290039
0.02276444435119629
0.025203943252563477
0.015581369400024414
0.0381011962890625
0.014986276626586914
0.005742549896240234
0.004235744476318359
0.005946636199951172
0.03562736511230469
0.04507160186767578
4.76837158203125e-07
0.024881839752197266
0.01050567626953125
0.03803586959838867
0.03299999237060547
0.0708167552947998
0.044891357421875
0.01667618751525879
0.006109476089477539
0.030246734619140625
0.05319690704345703
0.004307985305786133
0.031133413314819336
0.018129587173461914
0.016246795654296875
0.04707169532775879
0.023142099380493164
4.76837158203125e-07
0.03119945526123047
0.04065060615539551
0.040888071060180664
0.012332916259765625
0.014187097549438477
0.03626251220703125
0.010718107223510742
0.007590770721435547
0.005288600921630859
0.007613420486450195
0.05801081657409668
0.10005402565002441
0.0382540225982666
0.01485133171081543
0.02502751350402832
0.014937162399291992
0.03758740425109863
0.038123369216918945
4.76837158203125e-07
0.03770613670349121
0.01342320442199707
0.02213573455810547
0.033423423767089844
0.0035293102264404297
0.04049396514892578
0.010439634323120117
0.02125835418701172
0.03799843788146973
0.01948237419128418
0.05338001251220703
0.025341033935546875
0.04472231864929199
0.05533957481384277
0.030362606048583984
0.04569673538208008
0.014786005020141602
7.152557373046875e-07
0.048667192459106445
0.038001060485839844
0.03178763389587402
0.0032432079315185547
0.012698650360107422
0.019175052642822266
0.032172203063964844
0.003290891647338867
0.004990577697753906
0.02098870277404785
0.08068680763244629
0.009651660919189453
0.0197751522064209
0.0608677864074707
0.01590752601623535
0.027118682861328125
0.05565381050109863
0.030359983444213867
0.0393223762512207
0.013325214385986328
0.03440976142883301
0.024943113327026367
0.021265029907226562
0.04749488830566406
0.023009777069091797
0.0036971569061279297
0.010005712509155273
4.76837158203125e-07
0.0050394535064697266
0.026409387588500977
0.031600236892700195
0.11459922790527344
0.047384023666381836
0.008777141571044922
0.011668920516967773
0.005385398864746094
0.052999258041381836
0.03853797912597656
0.027402877807617188
0.004521608352661133
0.011578559875488281
0.023041963577270508
0.027244091033935547
0.014966249465942383
0.03570723533630371
0.014052152633666992
0.022624969482421875
0.040003299713134766
0.03998589515686035
2.384185791015625e-07
0.008290767669677734
0.015146732330322266
0.07171845436096191
0.059447526931762695
1.1920928955078125e-06
0.012912750244140625
0.0707399845123291
0.026482343673706055
0.0047223567962646484
0.028815507888793945
0.021845102310180664
0.03954362869262695
0.012425422668457031
0.027707815170288086
0.013435125350952148
0.03345298767089844
0.039900779724121094
0.005072832107543945
0.0244138240814209
0.01401662826538086
0.06287765502929688
0.11239051818847656
0.04661750793457031
0.020476102828979492
0.07402396202087402
0.03280186653137207
0.008224248886108398
0.008760213851928711
0.006058454513549805
0.026984453201293945
0.011354923248291016
4.76837158203125e-07
0.027659893035888672
0.02959752082824707
0.0032949447631835938
0.012970447540283203
0.03711652755737305
0.013267278671264648
0.020786285400390625
0.03913569450378418
0.069427490234375
4.76837158203125e-06
0.05386996269226074
0.01593923568725586
0.03450751304626465
0.006702423095703125
0.07991743087768555
0.014784574508666992
0.022775650024414062
0.011016368865966797
0.02498626708984375
0.034636497497558594
0.012512922286987305
0.004455089569091797
0.02625584602355957
0.0041615962982177734
0.03494715690612793
0.026479005813598633
0.039453744888305664
0.005034923553466797
0.004735708236694336
0.07048344612121582
0.032221078872680664
0.03232550621032715
0.06285309791564941
2.1457672119140625e-06
0.0524752140045166
0.0198519229888916
0.033392906188964844
0.026551485061645508
0.005510807037353516
0.03853130340576172
0.03934669494628906
0.03967690467834473
0.01411581039428711
0.01468038558959961
0.02184581756591797
0.009583234786987305
0.031743764877319336
0.004854440689086914
0.018667221069335938
0.0212552547454834
0.04979372024536133
0.006593227386474609
0.04259896278381348
0.03192949295043945
0.056133270263671875
0.0362701416015625
0.014281749725341797
0.03468179702758789
0.010658979415893555
0.0454258918762207
0.0033783912658691406
0.033391714096069336
0.0034046173095703125
0.005056619644165039
0.036595821380615234
0.027148962020874023
2.384185791015625e-07
0.040564775466918945
0.06933116912841797
0.005828142166137695
0.009998083114624023
0.022278547286987305
0.00873565673828125
0.05099892616271973
0.03783583641052246
0.02567458152770996
0.03575301170349121
0.020902633666992188
0.03870534896850586
0.021676301956176758
0.0365900993347168
0.0034329891204833984
0.04313015937805176
0.026713132858276367
0.011633634567260742
0.027225017547607422
2.384185791015625e-07
0.010859251022338867
0.04268193244934082
0.008361101150512695
0.032553672790527344
0.019225597381591797
0.06419205665588379
0.006718158721923828
0.05082082748413086
0.004507303237915039
0.023694276809692383
0.025878190994262695
0.035775184631347656
0.03929424285888672
0.013680696487426758
0.009853839874267578
0.011515140533447266
0.0427396297454834
0.021355867385864258
0.0380702018737793
0.037906646728515625
4.76837158203125e-07
0.06415653228759766
0.016582250595092773
0.005645036697387695
0.006252765655517578
0.055696725845336914
0.013590812683105469
0.03936886787414551
0.04045534133911133
0.023801088333129883
0.04106330871582031
0.013665437698364258
0.03667306900024414
4.76837158203125e-07
0.01973128318786621
0.04267406463623047
0.025421857833862305
0.0034894943237304688
0.015068769454956055
0.013174057006835938
0.024134159088134766
0.056197404861450195
0.005279064178466797
0.06633138656616211
0.007281064987182617
1.430511474609375e-06
0.004702329635620117
0.041425466537475586
0.04248976707458496
0.04117727279663086
0.0058746337890625
0.01471257209777832
0.014698505401611328
0.02564263343811035
0.028423786163330078
0.03726601600646973
0.019656658172607422
0.021351337432861328
0.04513359069824219
0.012192964553833008
0.034700632095336914
0.04404091835021973
0.04748082160949707
0.045297861099243164
0.004693269729614258
0.004111289978027344
0.018306493759155273
0.016370058059692383
0.041683197021484375
0.011613607406616211
0.013903617858886719
0.041562795639038086
0.04512310028076172
7.152557373046875e-07
0.03508615493774414
0.02686595916748047
0.005250215530395508
0.034667253494262695
0.021005630493164062
0.005285978317260742
0.04014849662780762
0.03151082992553711
0.03774285316467285
0.015758991241455078
0.0529634952545166
3.337860107421875e-06
0.05509448051452637
0.04615902900695801
0.008318662643432617
0.048398733139038086
0.0437932014465332
0.00394749641418457
0.02559351921081543
0.010946273803710938
0.027083158493041992
0.005213499069213867
0.044754981994628906
0.013984203338623047
0.014195919036865234
0.03502917289733887
0.003484487533569336
0.051897525787353516
0.0342867374420166
0.05620980262756348
0.06010103225708008
0.013043403625488281
7.152557373046875e-07
0.031850337982177734
0.05066537857055664
0.005671501159667969
0.021778345108032227
0.005585908889770508
0.014579534530639648
0.024344921112060547
0.0037457942962646484
0.028439044952392578
0.012939214706420898
0.004855155944824219
0.0374445915222168
0.01119685173034668
0.03189516067504883
0.05295825004577637
0.007264614105224609
0.050014495849609375
0.03324270248413086
0.03617525100708008
0.05592012405395508
0.030150651931762695
0.051206111907958984
0.03800153732299805
0.01063394546508789
0.014281988143920898
0.028612613677978516
0.0037963390350341797
0.012824296951293945
0.0220186710357666
0.0134124755859375
0.00504612922668457
0.0034079551696777344
0.03826189041137695
2.384185791015625e-07
0.054839134216308594
0.03517746925354004
0.040689706802368164
0.006412029266357422
0.008597135543823242
0.012958765029907227
0.023448944091796875
0.05407977104187012
0.05436229705810547
0.034876346588134766
0.013679981231689453
4.76837158203125e-07
0.03830599784851074
0.02662372589111328
0.021593570709228516
0.0033926963806152344
0.0033516883850097656
0.0365443229675293
0.013306856155395508
0.02512383460998535
0.018118858337402344
0.06308913230895996
0.04200124740600586
0.014214038848876953
0.047300100326538086
0.004049777984619141
0.03261423110961914
0.01976799964904785
0.03369259834289551
0.004747152328491211
0.024729013442993164
0.04261326789855957
0.006365776062011719
0.03570842742919922
0.013132810592651367
0.03479361534118652
0.04421830177307129
0.020511388778686523
2.384185791015625e-07
0.0052013397216796875
0.04034996032714844
0.038847923278808594
0.006323337554931641
0.024575471878051758
0.02039337158203125
0.08893799781799316
0.05147981643676758
0.04796004295349121
0.010958433151245117
0.02535700798034668
0.005039215087890625
0.003383636474609375
0.03764057159423828
0.02130126953125
0.04237723350524902
0.03747415542602539
0.03581523895263672
0.024602651596069336
0.0033223628997802734
4.76837158203125e-07
0.05220460891723633
0.006888866424560547
0.05811023712158203
0.02536630630493164
0.038965463638305664
0.039679527282714844
0.03786802291870117
0.004027128219604492
0.02390313148498535
0.015553951263427734
0.0276029109954834
0.03924560546875
0.038392066955566406
0.024046897888183594
0.013589859008789062
0.005417585372924805
0.0033788681030273438
4.76837158203125e-07
0.011738061904907227
0.03420591354370117
0.08945918083190918
0.02920699119567871
0.08156776428222656
0.06854939460754395
0.026392698287963867
4.76837158203125e-07
0.04047966003417969
0.011333227157592773
0.025039196014404297
0.03561854362487793
0.0036039352416992188
0.005326032638549805
0.026085615158081055
0.005309343338012695
0.013883113861083984
0.04030656814575195
0.020955324172973633
0.0035371780395507812
0.012154340744018555
0.034911155700683594
0.036794424057006836
0.008638858795166016
0.024297714233398438
0.04868149757385254
0.033907175064086914
0.024341583251953125
0.04593300819396973
0.03593277931213379
0.026577234268188477
0.004757881164550781
0.041098594665527344
0.037030696868896484
0.003409147262573242
0.03848576545715332
0.01331472396850586
0.03287076950073242
0.0049250125885009766
0.026178836822509766
2.384185791015625e-07
0.009858846664428711
0.038451194763183594
0.036206960678100586
0.026456594467163086
0.037920475006103516
0.02581310272216797
0.05769467353820801
0.0207977294921875
0.059903621673583984
0.039281606674194336
0.0033767223358154297
0.024628877639770508
0.004980564117431641
0.011450529098510742
0.03781604766845703
0.009886980056762695
0.03288149833679199
0.03284788131713867
0.004969358444213867
0.0033311843872070312
4.76837158203125e-07
0.011049509048461914
0.11234569549560547
0.03528308868408203
0.07069134712219238
0.007282733917236328
0.025605201721191406
0.004809856414794922
0.01644110679626465
0.03124547004699707
0.02883625030517578
0.012914419174194336
0.03956913948059082
0.0399782657623291
0.019819021224975586
0.03285980224609375
0.0049664974212646484
0.013165473937988281
0.04287266731262207
0.009895086288452148
2.384185791015625e-07
0.006811380386352539
0.05988335609436035
0.046294450759887695
0.10120010375976562
0.06636190414428711
0.004297971725463867
0.006512165069580078
7.152557373046875e-07
0.015355110168457031
0.025597095489501953
0.029767274856567383
0.0363006591796875
0.01230931282043457
0.04022574424743652
0.03866219520568848
0.020903587341308594
0.03478598594665527
0.02581501007080078
0.0035042762756347656
0.014106273651123047
0.039608001708984375
0.06403517723083496
0.10076141357421875
0.004478931427001953
0.05307745933532715
4.76837158203125e-07
0.04092550277709961
0.025776147842407227
0.015611410140991211
0.024062156677246094
0.03483843803405762
0.004347324371337891
0.014470815658569336
0.005876779556274414
0.006134033203125
0.028043508529663086
0.034087181091308594
0.039656639099121094
0.01029348373413086
0.027530908584594727
